%%MatrixMarket matrix coordinate real general
%
165 165 11231
1 112 1.9730502660944443E-3
1 121 2.3982191944578726E-3
1 120 1.0572640737258239E-3
1 118 5.9673002568141455E-3
1 117 4.760448233606183E-3
1 115 5.728509173158112E-3
1 113 2.882804327237965E-3
1 111 3.843307171445537E-3
1 109 8.500792784434939E-4
1 107 1.3812845882129703E-3
1 103 1.4435563545591133E-3
1 102 7.21390738586531E-4
1 101 9.50928036004485E-4
1 130 4.223183606023514E-3
1 128 2.3200051076033065E-3
1 114 6.435197123068127E-3
1 58 1.5278013449945838E-3
1 49 2.506591991698263E-3
1 48 4.936074228965717E-3
1 34 4.993733481749557E-3
1 23 5.380409488138896E-3
1 6 4.514118288333163E-3
1 144 6.229220110991696E-3
1 78 8.845056213456779E-3
1 55 3.015445156730112E-3
1 52 8.268603806408558E-4
1 51 4.494549818261143E-3
1 47 4.160937047800641E-4
1 44 1.7978702362860467E-3
1 43 2.933624729133524E-4
1 41 2.933624729133524E-4
1 38 3.3107507837628345E-4
1 37 9.054671864710331E-4
1 35 7.397961408718225E-4
1 162 3.89329123705823E-4
1 157 5.117180061965306E-4
1 151 1.4052626020322656E-3
1 145 1.98803552763917E-3
1 122 8.918013783349447E-3
1 89 3.7621718094621847E-3
1 84 9.020214406435755E-4
1 33 4.3150774152859897E-4
1 24 5.084152847010145E-4
1 21 4.4487033789040634E-4
1 160 5.781495311698398E-4
1 146 1.1501887304305467E-3
1 138 6.516695292050155E-4
1 131 5.37608275498362E-4
1 129 2.6782997150437216E-3
1 124 5.284350640781644E-4
1 100 2.849809607405685E-3
1 99 6.48296029551311E-4
1 98 3.35495461754401E-4
1 87 4.2509131221843115E-3
1 80 3.597144029377491E-4
1 46 5.2863331191536295E-3
1 15 5.758150317290134E-4
1 14 3.706591487159385E-4
1 12 1.9137501212363724E-3
1 149 1.073029627368335E-2
1 127 1.5857053817044473E-2
1 116 7.502260086060444E-3
1 105 5.807691404288435E-3
1 94 6.154824709501539E-3
1 83 3.907931648755376E-3
1 61 4.791736755729432E-3
1 50 1.1018941231227729E-2
1 45 8.231755171059701E-3
1 39 1.0854637072066301E-2
1 28 5.4807938163777365E-3
1 17 1.1476187303738864E-2
1 56 4.97975078980041E-3
1 30 4.192565046980555E-3
1 29 4.9758029463377726E-3
1 3 1.8612874464031509E-3
1 32 2.3171327606554986E-3
1 25 1.498469328410033E-3
1 11 5.159153799253226E-3
1 10 7.097552244150696E-3
1 8 6.421272497808909E-3
1 7 5.636555395776217E-3
1 5 5.120043702952473E-3
1 4 6.714144894177284E-3
1 2 3.4163490553632374E-3
1 1 2.5501284854699942E-2
2 122 4.602812957795286E-4
2 21 6.103973395140143E-4
2 162 8.233213383442287E-4
2 157 9.128733920318937E-4
2 90 2.606033365987597E-4
2 27 5.580936152619097E-4
2 24 1.1749913455529031E-3
2 154 3.6093817677085045E-4
2 151 1.1519998044445341E-3
2 146 4.214298074992872E-4
2 145 1.2896967864773558E-3
2 84 1.211842181993042E-3
2 33 1.594391645960539E-3
2 89 3.1404496576929526E-3
2 12 4.9271119555341384E-3
2 56 4.7028271395913495E-3
2 30 9.011708758879154E-3
2 29 2.354628498968102E-2
2 3 2.0574536115610102E-2
2 32 1.334496912174543E-2
2 25 2.582084162419945E-3
2 11 4.245250446016384E-2
2 10 3.480257567410389E-2
2 8 5.741886086685079E-2
2 7 4.284524069480713E-2
2 5 3.5817005992700365E-2
2 4 4.6204279511702584E-2
2 2 3.13872663120563E-2
2 1 3.4163490553632374E-3
3 162 3.89329123705823E-4
3 157 5.117180061965306E-4
3 145 4.382485002988657E-4
3 84 3.354626279025118E-4
3 25 7.823409691289476E-4
3 21 4.4487033789040634E-4
3 154 3.7387842648783074E-4
3 151 7.351591466216711E-4
3 146 3.5215880555808984E-4
3 91 3.5321261320323655E-4
3 33 2.519042903525107E-3
3 27 1.0553473945081623E-3
3 14 6.529160990620122E-4
3 89 1.2850031373205424E-3
3 12 5.419969206323119E-3
3 29 9.837001010457933E-3
3 2 2.0574536115610102E-2
3 1 1.8612874464031509E-3
3 30 9.451722384186718E-3
3 24 1.478061906812463E-3
3 11 4.344825208429742E-2
3 10 3.529353407554302E-2
3 7 4.010071167124305E-2
3 5 3.1365395865784886E-2
3 122 1.2798824211235215E-3
3 121 2.988268209375293E-4
3 112 4.3596329578992433E-4
3 100 6.079987856659072E-4
3 78 3.7163708787698197E-4
3 61 9.00766787839831E-4
3 56 5.252123520366397E-3
3 45 1.3609504635535424E-3
3 34 3.293658806672846E-4
3 32 1.0721330914948885E-2
3 23 7.166477352609895E-4
3 8 4.952887651655616E-2
3 6 1.3397670507567115E-3
3 4 3.544239690772288E-2
3 3 2.334909369098615E-2
4 144 6.491483081527223E-4
4 145 7.71213430768676E-4
4 21 7.828662945742165E-4
4 157 1.1717984809836949E-3
4 164 3.33881308739972E-4
4 162 1.492357929246331E-3
4 151 1.2475283704635335E-3
4 90 6.908591093913615E-4
4 84 1.3873721281099376E-3
4 33 1.9953526214592935E-3
4 27 1.4133963075023375E-3
4 89 4.5911800877301975E-3
4 29 2.8361019303240344E-2
4 12 1.1409318146285256E-2
4 25 3.386435645993624E-3
4 2 4.6204279511702584E-2
4 1 6.714144894177284E-3
4 30 2.7048274247737765E-2
4 24 3.115679743590379E-3
4 11 7.68692017183323E-2
4 10 8.506686786516064E-2
4 7 7.928051068457691E-2
4 5 6.261361282128988E-2
4 122 3.1545008124281818E-3
4 121 3.2308391709832236E-4
4 112 4.713523668089652E-4
4 100 6.573527391138358E-4
4 78 9.490885490104329E-4
4 61 9.738860163030861E-4
4 56 8.917117458495239E-3
4 45 1.471424838514E-3
4 34 3.561019675230921E-4
4 32 2.3056774331665617E-2
4 23 3.5660406011635683E-4
4 8 5.599378423361624E-2
4 6 1.4485218743073782E-3
4 4 1.1115810885037782E-1
4 3 3.544239690772288E-2
5 145 9.510969403856052E-4
5 21 9.654678041050468E-4
5 157 1.3690701424649634E-3
5 164 3.354626279025118E-4
5 151 1.3672859687364884E-3
5 122 1.0151879284193096E-3
5 90 6.767542820209681E-4
5 84 1.5067583704105676E-3
5 33 2.14363213840435E-3
5 27 1.3828770892171595E-3
5 162 2.0027466659131004E-3
5 144 3.6449905987281553E-4
5 78 3.2060426700074627E-4
5 34 3.7028968522229085E-4
5 89 5.2679436635481E-3
5 12 1.0286820026996098E-2
5 56 1.1876141327533231E-2
5 29 3.191251160549312E-2
5 25 4.592814029459888E-3
5 2 3.5817005992700365E-2
5 1 5.120043702952473E-3
5 32 2.1379861916008346E-2
5 30 3.191630130144299E-2
5 24 2.873359085370242E-3
5 11 5.151686317222372E-2
5 10 6.563695171874447E-2
5 8 7.380022295104653E-2
5 7 7.933284179664615E-2
5 5 7.789180600996892E-2
5 4 6.261361282128988E-2
5 3 3.1365395865784886E-2
6 129 1.5855556929701327E-3
6 128 1.6204218502411478E-3
6 114 2.7289568060931635E-4
6 87 1.760058067494256E-3
6 58 2.8379384353984817E-4
6 55 4.921151951713162E-4
6 51 5.644558418945032E-4
6 49 4.6560724523565274E-4
6 48 9.168911141658535E-4
6 46 9.127155006844632E-4
6 1 4.514118288333163E-3
6 160 1.5989985056679253E-2
6 138 7.050007384964289E-3
6 116 1.5463712070171116E-2
6 72 7.920935846148997E-4
6 17 4.616845507167363E-2
6 149 3.993525333928117E-2
6 127 4.96498867825035E-2
6 105 2.7463698665359682E-2
6 94 5.0108224683282826E-2
6 83 2.2761908149997394E-2
6 50 6.106792124362573E-2
6 39 4.2550409311250044E-2
6 28 3.488292305984519E-2
6 15 1.422757586566712E-3
6 122 5.682523658128523E-3
6 121 1.504020871399631E-3
6 112 2.194240443260924E-3
6 100 4.674521937156084E-3
6 78 2.6418581062896632E-3
6 61 2.675142979989235E-2
6 56 1.6001465411155844E-3
6 45 1.4022283922594051E-2
6 34 2.2015242319994117E-3
6 32 1.504020871399631E-3
6 23 1.2236814346055953E-2
6 8 1.504020871399631E-3
6 6 7.96321576599126E-2
6 4 1.4485218743073782E-3
6 3 1.3397670507567115E-3
7 157 2.5190158231722413E-4
7 164 3.354626279025118E-4
7 151 6.499104002865468E-4
7 122 1.4511350777745076E-3
7 90 6.685606001803513E-4
7 84 7.683170750483374E-4
7 33 1.1908063080804019E-3
7 27 1.3653299557828077E-3
7 162 1.2764903435291855E-3
7 144 1.092701537412522E-3
7 78 9.391804438727284E-4
7 34 4.995381222580626E-4
7 89 6.566387631151302E-3
7 12 1.0305762333133212E-2
7 56 1.2463579823553863E-2
7 29 2.5129007107537918E-2
7 25 2.3928850882158417E-3
7 2 4.284524069480713E-2
7 1 5.636555395776217E-3
7 32 2.8602225565924295E-2
7 30 2.486754931955923E-2
7 24 2.0083670531230616E-3
7 11 5.645121650863652E-2
7 10 7.740457274855095E-2
7 8 8.280923417443714E-2
7 7 1.0796439478941142E-1
7 5 7.933284179664615E-2
7 4 7.928051068457691E-2
7 3 4.010071167124305E-2
8 157 5.942239460493551E-4
8 151 3.794241256445926E-4
8 145 5.089087154337654E-4
8 84 3.8955034626582695E-4
8 33 5.010811224483109E-4
8 21 5.165982131963905E-4
8 162 7.610867976982569E-4
8 144 9.022711782216567E-4
8 89 6.851017689191233E-3
8 12 8.531577746947473E-3
8 29 2.0613927210156015E-2
8 25 1.8539145516321934E-3
8 2 5.741886086685079E-2
8 1 6.421272497808909E-3
8 30 1.7641941130223705E-2
8 24 2.1520513470846235E-3
8 11 9.958129457074308E-2
8 10 7.344944466972625E-2
8 7 8.280923417443714E-2
8 5 7.380022295104653E-2
8 122 2.6013588580560496E-3
8 121 3.354626279025118E-4
8 112 4.894118687736599E-4
8 100 6.825387017173399E-4
8 78 1.1891151226226136E-3
8 61 1.0111997070009467E-3
8 56 1.2448562725010664E-2
8 45 1.5278013449945838E-3
8 34 6.82317438971915E-4
8 32 2.5155013931293647E-2
8 23 3.70267069316647E-4
8 8 1.769520404589454E-1
8 6 1.504020871399631E-3
8 4 5.599378423361624E-2
8 3 4.952887651655616E-2
9 158 3.148730153349937E-4
9 128 3.02336513400355E-4
9 125 5.124313744682116E-4
9 76 3.075517580129462E-4
9 68 3.287404984482631E-4
9 44 3.654301512033814E-4
9 43 3.3513736139002733E-4
9 41 3.3513736139002733E-4
9 40 3.8795238263974904E-4
9 38 3.610751640924972E-4
9 37 3.403234077802075E-4
9 36 6.038601349608619E-4
9 35 3.075517580129462E-4
9 144 4.723893546530564E-4
9 122 1.0514627669430926E-3
9 89 2.941519014271795E-4
9 78 3.055899129756187E-4
9 66 1.4546487336998953E-3
9 106 2.881926715086548E-4
9 123 3.941878695714607E-4
9 72 8.097629159208332E-4
9 67 1.7019724648736708E-3
9 65 1.688570978135753E-3
9 58 2.3940037724264054E-3
9 57 3.1962431104885433E-4
9 20 2.9591980824762967E-2
9 31 1.3306896990160308E-1
9 155 2.2018627417269978E-2
9 119 2.813646961401485E-2
9 75 2.4430805350450092E-2
9 53 6.248671862855035E-2
9 42 1.1428916343174031E-1
9 163 9.734666040569535E-2
9 152 6.437579590924651E-2
9 141 5.111839066203475E-2
9 140 9.467273666363672E-4
9 139 1.401410924392341E-3
9 133 1.563174223759628E-2
9 130 1.6387680311729665E-2
9 108 2.4189780422072305E-2
9 97 7.18662459680065E-2
9 86 2.092216038464513E-2
9 64 4.234250246284206E-2
9 63 2.0417992935701105E-3
9 62 1.4311638802417112E-3
9 9 1.520393200597902E-1
10 144 4.961962873006236E-4
10 130 3.3535684650968367E-4
10 78 5.347949062707236E-4
10 34 3.3535684650968367E-4
10 157 7.705568458788106E-4
10 145 6.599247593638859E-4
10 21 6.698960760396169E-4
10 164 3.354626279025118E-4
10 162 1.4495739908401276E-3
10 151 8.274789114111189E-4
10 122 1.29646613465429E-3
10 90 3.570797002009076E-4
10 89 1.1767927941755494E-3
10 84 8.776315024158457E-4
10 33 1.2187412456198085E-3
10 27 6.982797797437787E-4
10 12 1.2103616776895655E-2
10 56 1.1452477704850623E-2
10 29 1.2774416708037716E-2
10 25 2.766640168713127E-3
10 2 3.480257567410389E-2
10 1 7.097552244150696E-3
10 32 2.093992686384024E-2
10 30 3.0333279443520787E-2
10 24 3.7288484739409662E-3
10 11 7.040430025655647E-2
10 10 9.54186915712331E-2
10 8 7.344944466972625E-2
10 7 7.740457274855095E-2
10 5 6.563695171874447E-2
10 4 8.506686786516064E-2
10 3 3.529353407554302E-2
11 145 6.286305285364331E-4
11 21 6.381289963285963E-4
11 157 9.93743750271411E-4
11 164 3.354626279025118E-4
11 151 1.1283637746299178E-3
11 122 2.8772668444924294E-3
11 90 6.782373777477716E-4
11 84 1.261807278446313E-3
11 33 1.8290864729120756E-3
11 27 1.3860532045607077E-3
11 162 1.7215712071567638E-3
11 144 1.456992946336452E-3
11 78 1.2417967988172314E-3
11 34 3.739823348846224E-4
11 89 6.9215708915875244E-3
11 12 1.3646260207798586E-2
11 56 7.550663025806914E-3
11 29 3.205978044995987E-2
11 25 3.6952598249414895E-3
11 2 4.245250446016384E-2
11 1 5.159153799253226E-3
11 32 2.4659067221976597E-2
11 30 3.127755318133898E-2
11 24 2.6690232330197523E-3
11 11 1.2174858529976545E-1
11 10 7.040430025655647E-2
11 8 9.958129457074308E-2
11 7 5.645121650863652E-2
11 5 5.151686317222372E-2
11 4 7.68692017183323E-2
11 3 4.344825208429742E-2
12 165 3.394309430266865E-4
12 161 1.3204256999191461E-3
12 159 4.447792308268609E-4
12 156 7.87059131691225E-4
12 40 3.660405494666011E-4
12 22 3.3137015155269975E-4
12 154 5.149536301274489E-4
12 150 4.467833831765088E-4
12 148 3.6449905987281553E-4
12 147 1.1799241137948693E-3
12 146 3.6449905987281553E-4
12 111 3.6188930312269313E-4
12 130 3.155140966616375E-3
12 100 3.2060426700074627E-4
12 34 4.047092228049105E-3
12 144 6.691974493294412E-3
12 78 6.482079980719717E-3
12 55 3.666865320339278E-4
12 52 7.215675720309925E-4
12 51 1.3392301593856124E-3
12 47 4.1670583466925533E-4
12 45 1.58096949716977E-3
12 44 2.1695526160287787E-3
12 43 2.937940486280877E-4
12 41 2.937940486280877E-4
12 38 3.3156213441369115E-4
12 37 9.06799250672326E-4
12 35 7.408844806484969E-4
12 145 1.8964921233780413E-3
12 21 6.190703507095006E-4
12 157 2.012766029674644E-3
12 164 2.0992876396688474E-3
12 162 5.326173416586392E-3
12 151 3.091263640064492E-3
12 122 7.82427803435433E-3
12 90 2.2258840026126757E-3
12 89 5.912232699077853E-3
12 84 2.8050310930009944E-3
12 33 3.5491637967590725E-3
12 27 3.3835066209964783E-3
12 25 4.00964222243321E-3
12 24 3.472000177571732E-3
12 1 1.9137501212363724E-3
12 56 7.36159696011006E-3
12 5 1.0286820026996098E-2
12 32 2.2522941666243138E-2
12 30 5.04065849774977E-2
12 29 4.743474761462002E-2
12 12 2.277761245580899E-2
12 11 1.3646260207798586E-2
12 10 1.2103616776895655E-2
12 8 8.531577746947473E-3
12 7 1.0305762333133212E-2
12 4 1.1409318146285256E-2
12 3 5.419969206323119E-3
12 2 4.9271119555341384E-3
13 150 4.84566416782698E-4
13 148 4.6365594517559246E-4
13 144 5.172248849645847E-4
13 34 3.6261912637096686E-4
13 153 5.730440856209952E-4
13 133 1.386738945131175E-3
13 20 1.1280037309751689E-3
13 160 2.4459020617360345E-3
13 28 2.6071691123874885E-3
13 154 1.5809173172672154E-3
13 146 1.7843068110043674E-3
13 100 2.8040973092315906E-3
13 165 4.8287015579128633E-4
13 164 1.340859868049784E-3
13 161 4.7880305085602255E-4
13 158 4.5708870338266285E-4
13 156 1.7856587816224186E-3
13 109 1.6741359180221786E-2
13 151 2.522290330418257E-3
13 120 7.063764063136364E-4
13 110 1.2687091007587921E-2
13 78 9.739311725925949E-4
13 30 9.715842532921554E-4
13 29 9.344936983580828E-4
13 24 1.1549953085843007E-3
13 147 1.8721052277123245E-3
13 35 2.411402290353356E-3
13 107 1.5061369527969177E-2
13 102 1.0778008732968409E-2
13 101 4.1540813881407864E-3
13 75 1.035546073644227E-3
13 62 1.5157615676007867E-3
13 60 1.3571302704316762E-3
13 59 3.912677188407849E-3
13 125 9.680617223675985E-4
13 88 1.1142457683756845E-3
13 81 8.414817832219603E-4
13 44 1.4078648472016248E-3
13 40 3.2777312555318667E-4
13 37 3.2777312555318667E-4
13 26 3.2777312555318667E-4
13 132 1.7302664034003499E-3
13 123 1.4160364930690598E-3
13 87 2.1053593075989947E-3
13 85 1.2296598578633588E-3
13 84 2.7234709588753758E-3
13 80 3.364967692463521E-3
13 79 2.2488816188735135E-3
13 72 2.7920579445450495E-3
13 67 2.5649098764065105E-3
13 66 3.5957791476286306E-3
13 58 2.1172551554525473E-3
13 57 3.8956364695885413E-3
13 55 7.477770185351314E-3
13 48 1.744065504986505E-3
13 45 1.7167279707676704E-3
13 162 2.359107363903231E-3
13 71 4.090187248741481E-3
13 68 3.115065202856294E-3
13 54 5.071729773758652E-3
13 52 1.39720021778245E-2
13 51 5.724794754140301E-3
13 157 2.0933552133219745E-3
13 145 4.68609794183988E-3
13 90 7.637633738700695E-3
13 76 5.810335686858905E-3
13 70 4.1773508593685865E-3
13 65 6.6801599474788755E-3
13 49 5.016344262543395E-3
13 47 1.4029876002578611E-2
13 32 3.1788949931214204E-3
13 140 5.489400415735727E-3
13 139 1.1765615498591325E-2
13 106 3.665934039814431E-3
13 159 2.996927166408289E-4
13 143 2.066708662848641E-3
13 142 2.436484096154943E-3
13 137 2.1922142544351497E-3
13 136 1.7992160733264267E-3
13 135 1.8919651937541618E-3
13 134 2.9192145506820475E-3
13 104 3.4303757015477485E-3
13 93 1.9752401117867522E-3
13 82 1.344606390555878E-3
13 77 8.593178694944954E-4
13 74 1.0928446693481648E-2
13 27 1.0782965916709597E-3
13 19 7.472384486652524E-3
13 15 1.402963369785152E-2
13 138 1.1697186699163279E-3
13 131 3.6187859057379597E-3
13 129 4.83844782267907E-3
13 128 6.728553083261894E-3
13 124 1.3062254253485067E-3
13 103 5.542938730059717E-3
13 98 3.2735952206655846E-3
13 96 1.2054496580633403E-3
13 95 1.2054496580633403E-3
13 92 1.1205003327957298E-2
13 73 8.88054858610328E-3
13 69 9.07248300917537E-3
13 46 5.810699225834186E-3
13 23 1.9181354382538744E-3
13 22 2.0981067684588614E-2
13 21 1.753198229046115E-2
13 18 2.034245979259372E-2
13 17 3.291640291652723E-4
13 16 1.0539147123234048E-2
13 14 1.4607730352980169E-2
13 13 3.0977903716449044E-2
14 126 8.471932313733808E-4
14 125 9.376446359011211E-4
14 63 8.485035185032374E-4
14 59 6.973403542867539E-4
14 26 1.0815356803379366E-3
14 164 6.824411385535415E-4
14 161 1.3544647009025238E-3
14 148 7.212289281500759E-4
14 158 3.6884145339436964E-4
14 84 3.0801308778613686E-4
14 147 1.0257271046021398E-3
14 85 1.9381197904235693E-3
14 79 2.0742059132809517E-3
14 55 8.938156729446551E-4
14 107 1.0862989127540968E-3
14 154 1.4098583839897297E-3
14 151 1.4610328467884815E-3
14 91 3.6614316218667323E-3
14 33 3.6570701594389444E-3
14 30 1.1813703020309776E-3
14 29 9.635598338883488E-4
14 24 4.7335603229046357E-4
14 3 6.529160990620122E-4
14 160 5.243591723213115E-4
14 149 1.2930993124168786E-3
14 146 1.6172484810499934E-3
14 105 1.5122095131745396E-4
14 100 7.562907588014071E-4
14 99 1.0670495531167608E-2
14 87 4.6383280415034055E-3
14 83 2.9537188462069083E-4
14 80 2.263210101977984E-3
14 45 8.447694143549954E-4
14 39 3.3581785254043465E-4
14 28 1.2822555752200005E-3
14 25 7.122131018180378E-4
14 1 3.706591487159385E-4
14 162 3.8913328523923084E-4
14 71 5.133715519505472E-4
14 68 4.29847289737135E-4
14 54 1.0574373271569463E-3
14 52 1.4439586427801622E-3
14 51 3.9967952765643906E-4
14 157 2.41466688151108E-3
14 145 8.725828529749584E-4
14 90 4.4550366102598955E-3
14 76 1.4144654217076165E-3
14 70 1.0660655585832675E-3
14 65 1.9360965598204266E-3
14 49 8.785098875749072E-4
14 47 1.4524008821242022E-3
14 32 2.523394407666339E-3
14 153 3.1161845411701856E-4
14 140 3.1747194725732877E-3
14 139 4.145888638892094E-3
14 106 1.2326769755385107E-3
14 159 3.924749936585665E-3
14 143 6.201439597326113E-3
14 142 1.1167542012656902E-2
14 137 4.492306209295579E-3
14 136 6.422735520114067E-3
14 135 6.794493008939813E-3
14 134 3.8098014611085912E-3
14 104 3.0815934108178516E-3
14 93 1.4728948025523256E-2
14 82 6.021006124397437E-3
14 77 5.772570623000321E-3
14 74 1.781094314087715E-2
14 27 9.634891754796364E-3
14 19 2.453991554862011E-2
14 15 1.3793876728081867E-2
14 138 4.069250537612504E-3
14 131 2.376408422050709E-3
14 129 3.5986107164932644E-3
14 128 2.7880415643837895E-3
14 124 9.0347037463885E-3
14 103 2.430282748111447E-3
14 98 9.979665195835624E-3
14 96 2.8633784906642833E-2
14 95 2.8633784906642833E-2
14 92 1.1151452356784304E-2
14 73 8.490491036058643E-3
14 69 1.0377109838303882E-2
14 46 4.319285723630855E-3
14 23 4.723150146272466E-3
14 22 2.4152568298280764E-2
14 21 1.3736064347759609E-2
14 18 3.990714638403341E-2
14 17 9.787841881467739E-4
14 16 1.863643281266819E-2
14 14 5.562614925712358E-2
14 13 1.4607730352980169E-2
15 120 3.172366584940958E-4
15 155 4.1082478044601235E-4
15 116 9.072401993544679E-4
15 126 2.096910756420216E-3
15 125 5.114955200509112E-3
15 63 5.623467707481414E-4
15 26 7.167891281815731E-4
15 102 3.283338813790911E-4
15 161 5.788740646825749E-4
15 158 1.5001484304769958E-3
15 59 1.8256312095501625E-3
15 132 4.556857979322731E-3
15 85 3.6038811210406603E-3
15 72 5.616423185912309E-3
15 67 3.130693677128262E-3
15 66 1.5043302512704458E-3
15 58 2.785485703111767E-3
15 55 4.405268109665955E-3
15 48 1.3905390236895352E-3
15 160 9.404865863183398E-3
15 146 5.216894499585964E-4
15 131 8.809247267102825E-3
15 129 2.469532351726436E-2
15 100 1.9379350689362172E-3
15 99 1.0859567517396675E-2
15 87 2.4109667927617907E-3
15 45 4.3059617022485844E-3
15 1 5.758150317290134E-4
15 162 5.409255159950015E-4
15 71 1.1482794961330625E-3
15 68 5.975211471749768E-4
15 52 3.57258570340465E-3
15 51 1.3133640523056798E-3
15 157 3.14040294791584E-3
15 128 2.681273137128935E-2
15 76 2.1593584790071175E-3
15 70 2.076594540445553E-3
15 65 6.022936103881869E-3
15 49 5.6524472738518905E-3
15 47 2.6935060284147133E-3
15 32 1.893629267257084E-3
15 140 1.1452525064140281E-3
15 106 3.722638691689814E-4
15 149 2.398790456732998E-3
15 127 1.124315849708976E-3
15 105 1.011393737568156E-3
15 94 1.8481203186773388E-3
15 83 8.67085148227758E-4
15 61 3.496225063172292E-4
15 50 1.4217698322528563E-3
15 39 8.346546352182717E-4
15 28 8.524709488169153E-3
15 6 1.422757586566712E-3
15 159 3.4275568035183887E-4
15 143 8.492947889120722E-4
15 142 1.2708270408418052E-3
15 137 5.856310908002762E-4
15 136 8.31712926355923E-4
15 135 8.341477697315501E-4
15 104 3.2858485160595284E-4
15 77 7.393108974197578E-4
15 27 9.507951587884166E-4
15 14 1.3793876728081867E-2
15 13 1.402963369785152E-2
15 124 5.0963427916575575E-3
15 98 9.625289348683256E-3
15 96 2.2418925487983993E-2
15 95 2.2418925487983993E-2
15 93 1.0304091637154608E-2
15 92 8.245339540025796E-3
15 91 3.776463419315475E-3
15 82 1.8221406865025058E-3
15 80 2.72881310311908E-3
15 25 3.1788967863220813E-3
15 23 5.357832151829692E-3
15 19 6.868579029798284E-3
15 145 2.3255699173473443E-3
15 139 4.8907775196253105E-3
15 138 3.154799491302317E-3
15 134 1.4978785703150409E-3
15 123 6.539765132792582E-3
15 110 4.8332976651117263E-4
15 109 8.669061340056001E-4
15 107 1.638020869838368E-3
15 103 1.8936853597966087E-3
15 101 2.0049470196876404E-3
15 90 6.476204166055911E-3
15 84 2.489375982873731E-3
15 79 1.8280364193770087E-3
15 74 8.867230070590034E-3
15 73 5.092975625773762E-3
15 69 1.141797134018875E-2
15 57 1.9390006042808564E-3
15 54 3.9489186089241655E-3
15 46 7.6346915547367165E-3
15 22 1.894908762867109E-2
15 21 1.6303345544399973E-2
15 18 1.4768902871003338E-2
15 16 2.0513372069199072E-2
15 15 2.8317894416551564E-2
16 165 7.200509095305482E-4
16 158 6.193122919111231E-4
16 156 1.0799695356625996E-3
16 133 3.354626279025118E-4
16 126 8.153739170292196E-4
16 125 9.024281016938203E-4
16 85 7.395982931574418E-4
16 65 7.073806378213601E-4
16 59 6.711492905291401E-4
16 26 2.5517903192444928E-3
16 102 4.522804584716684E-4
16 62 3.774466208562461E-4
16 60 3.5574149448122964E-4
16 164 2.576188819838843E-3
16 157 1.5873065519836677E-3
16 154 4.0465052004031983E-4
16 151 7.055107314332447E-4
16 147 2.0295152280260255E-3
16 87 1.2131693884738122E-3
16 63 1.320328193230919E-3
16 161 3.5065154173096603E-3
16 159 1.3532549839419983E-3
16 148 1.8027786615540178E-3
16 33 8.508068123277528E-4
16 30 1.1761040107194712E-3
16 29 1.1431519729189067E-3
16 162 1.1999605272015514E-3
16 76 1.7776248911768049E-3
16 71 1.6990123447980779E-3
16 70 1.6040048660702173E-3
16 68 8.752369510243196E-4
16 52 1.861166046727966E-3
16 51 8.138106242028052E-4
16 47 1.5414889535629076E-3
16 153 1.5023006680346467E-3
16 143 3.242503178416296E-2
16 142 2.7471488265969613E-2
16 140 1.833425246547815E-2
16 137 2.4617089681389925E-2
16 136 3.8958953205921874E-2
16 135 3.7544115425914966E-2
16 106 5.046278478491432E-3
16 77 9.780093426533104E-3
16 27 6.832141478183174E-3
16 131 3.241334732114689E-4
16 129 1.1910251786088912E-3
16 128 4.2699693869756034E-4
16 17 2.2199031198900983E-4
16 14 1.863643281266819E-2
16 13 1.0539147123234048E-2
16 124 7.1898296398754755E-3
16 98 6.197466545240014E-3
16 96 8.489093545990565E-3
16 95 8.489093545990565E-3
16 93 1.2865221982718413E-2
16 92 7.239522115121152E-3
16 91 4.521740100703378E-3
16 82 4.455574277187003E-3
16 80 7.018423359366033E-3
16 25 7.163759279063096E-3
16 23 4.713528875301561E-3
16 19 3.6789846111292664E-2
16 145 3.1657493382483497E-4
16 139 1.155992078879625E-2
16 138 1.0885584172235542E-3
16 134 5.97265455987427E-3
16 123 4.732514967335818E-4
16 110 1.2403528343583141E-3
16 109 1.627339146243791E-3
16 107 1.972288914463077E-3
16 103 7.085174851859831E-4
16 101 3.956841970930926E-4
16 90 3.0516593439108607E-3
16 84 3.675330915786968E-4
16 79 1.7420456935959966E-3
16 74 1.1112475108380704E-2
16 73 5.82015623024435E-3
16 69 2.0309615351035513E-2
16 57 3.3299796779859574E-4
16 54 1.7589793154159576E-3
16 46 9.805504154229217E-4
16 22 2.8500068076628693E-2
16 21 2.243516656298888E-2
16 18 3.755381420008121E-2
16 16 7.757715905626533E-2
16 15 2.0513372069199072E-2
17 87 6.344238176481917E-4
17 100 3.070202317644037E-3
17 160 1.243466757840209E-2
17 72 7.175752560682167E-4
17 6 4.616845507167363E-2
17 138 6.886807287865364E-3
17 131 2.0546257532819172E-4
17 129 3.2742829665528643E-4
17 128 2.706659383642779E-4
17 124 3.008121568063169E-4
17 103 2.3366480595176707E-4
17 98 2.8698320553046584E-4
17 96 1.8745777471772487E-4
17 95 1.8745777471772487E-4
17 92 8.525972556657035E-4
17 73 2.1726686878621173E-4
17 69 2.1726686878621173E-4
17 46 3.192735175688858E-4
17 23 7.3717102356933364E-3
17 22 3.8699258242852496E-4
17 21 9.248153147046388E-4
17 18 1.907638470805706E-4
17 16 2.2199031198900983E-4
17 14 9.787841881467739E-4
17 13 3.291640291652723E-4
17 149 3.759039044819117E-2
17 127 6.1636267679506404E-2
17 116 1.7807053944499187E-2
17 105 2.4860523310335652E-2
17 94 3.612792247454316E-2
17 83 2.1092897587041127E-2
17 61 2.333228190974287E-2
17 50 4.735200798540882E-2
17 45 6.3402043331727016E-3
17 39 4.087744539512268E-2
17 28 3.2545316550840774E-2
17 17 7.227478989564745E-2
17 1 1.1476187303738864E-2
18 147 3.9665754281338985E-4
18 88 6.595026314009988E-4
18 62 7.352037435622621E-4
18 44 5.699396578711908E-4
18 20 1.8204449832958138E-3
18 133 4.565127872865091E-3
18 106 3.2752913654077545E-4
18 26 9.075956760177978E-4
18 150 4.806216447941322E-4
18 108 3.6423955634525793E-4
18 102 4.239828796408369E-4
18 164 5.391212604347472E-4
18 63 1.1938819840225468E-3
18 161 9.504298065127707E-4
18 148 1.1214453596372648E-3
18 33 6.875551584163247E-4
18 30 9.504347728386468E-4
18 29 9.238055272310316E-4
18 162 2.0753340194633796E-3
18 71 4.470054290732842E-3
18 68 3.950524171942164E-3
18 52 3.793489851303757E-3
18 51 2.1315794667077195E-3
18 157 1.405917254773641E-3
18 76 5.576993708303959E-3
18 70 3.6911878014113503E-3
18 65 5.203096565585675E-4
18 49 5.238438691855931E-4
18 47 5.070433367668641E-3
18 32 6.900033370874279E-4
18 153 4.123170066028066E-3
18 140 1.8717690435654768E-2
18 159 3.8844870504725305E-3
18 143 3.182830237886816E-2
18 142 3.0759191543538567E-2
18 137 2.638628268663486E-2
18 136 3.681579332691674E-2
18 135 3.9013160821577145E-2
18 104 4.090641943668577E-3
18 77 1.2855764565510451E-2
18 27 8.501117132854324E-3
18 131 2.785389495757278E-4
18 129 4.438839222474177E-4
18 128 9.067851652459551E-4
18 17 1.907638470805706E-4
18 14 3.990714638403341E-2
18 13 2.034245979259372E-2
18 124 8.199271014309317E-3
18 98 3.5214458600802585E-3
18 96 4.801077992263226E-3
18 95 4.801077992263226E-3
18 93 9.488701668801903E-3
18 92 8.522175930576449E-3
18 91 1.712223164666362E-3
18 82 4.910095303019877E-3
18 80 1.618312811966171E-3
18 25 2.9559632784166697E-3
18 23 1.4344000598863543E-3
18 19 2.3865540607390285E-2
18 145 9.895367635726266E-4
18 139 1.760777756622333E-2
18 138 1.122103502924273E-3
18 134 9.712574948549432E-3
18 123 7.014529799293651E-4
18 110 1.283080751309144E-3
18 109 2.370238868012926E-3
18 107 2.592146021376395E-3
18 103 1.3005525876147316E-3
18 101 5.86482792083292E-4
18 90 6.554830134095777E-3
18 84 5.447572466012979E-4
18 79 8.966402464681008E-4
18 74 1.140567126502759E-2
18 73 7.820019267110068E-3
18 69 1.4979549018697632E-2
18 57 4.935693144870149E-4
18 54 4.9313372937264035E-3
18 46 1.6726063715342208E-3
18 22 2.279571364779382E-2
18 21 2.128485881818536E-2
18 18 8.064914768071661E-2
18 16 3.755381420008121E-2
18 15 1.4768902871003338E-2
19 154 8.113739855575053E-4
19 151 6.941302927466877E-4
19 150 3.938495416438856E-3
19 146 4.50242416667464E-4
19 62 2.4764396455855784E-4
19 44 2.335275275772278E-4
19 147 9.220342631719448E-4
19 20 9.092114277774456E-4
19 133 3.8996378677291993E-3
19 153 3.771677524082156E-4
19 26 1.121073125470727E-3
19 63 1.2402904145194231E-3
19 161 3.103521032703137E-4
19 148 3.1997898556171685E-3
19 33 5.19704472888028E-4
19 30 7.184081110965508E-4
19 29 6.982797797437787E-4
19 162 3.380679714939873E-4
19 90 7.449366719175927E-4
19 76 5.477416065991798E-4
19 71 4.460026571202821E-4
19 70 3.795712432093804E-4
19 68 9.276426023232768E-4
19 54 6.255678643390893E-4
19 52 6.179522943708572E-4
19 51 3.472302480611988E-4
19 47 6.57710253234368E-4
19 140 1.812543366411637E-2
19 139 1.2211257522997482E-2
19 106 4.919674349732094E-3
19 159 1.9423404120946092E-3
19 143 4.225661085532498E-2
19 142 3.859563857161313E-2
19 137 3.463909155605768E-2
19 136 4.84046778302226E-2
19 135 3.946321889246191E-2
19 134 7.765353901112084E-3
19 104 1.5275717011451358E-3
19 77 1.0443364080426324E-2
19 74 7.455191337742609E-3
19 27 6.609593187382152E-3
19 14 2.453991554862011E-2
19 13 7.472384486652524E-3
19 124 4.094143601612695E-3
19 98 5.521833488902265E-4
19 96 4.263145145268256E-4
19 95 4.263145145268256E-4
19 93 1.029127867663538E-2
19 92 1.1763308702709353E-3
19 91 4.9054989219342E-4
19 82 3.021508743477762E-3
19 80 1.0483017270917555E-3
19 69 8.644959310787428E-3
19 25 1.6911920458007753E-3
19 23 4.2664788709607574E-4
19 22 2.6103197834485312E-2
19 21 8.05518804786547E-3
19 19 4.5827333809911885E-2
19 18 2.3865540607390285E-2
19 16 3.6789846111292664E-2
19 15 6.868579029798284E-3
20 142 4.161461950060514E-4
20 136 1.5217283978098805E-3
20 134 4.0647181119661064E-4
20 19 9.092114277774456E-4
20 143 2.3144909152273212E-3
20 135 2.1861423846137686E-3
20 88 7.128106023396684E-4
20 54 7.101864391748874E-4
20 22 3.982897969057591E-3
20 18 1.8204449832958138E-3
20 13 1.1280037309751689E-3
20 140 6.430515666132787E-3
20 137 3.7170368771430374E-3
20 144 8.923667788362606E-4
20 122 1.98626500186989E-3
20 89 5.556674429251664E-4
20 78 5.772744106123808E-4
20 85 1.1776762805286252E-3
20 9 2.9591980824762967E-2
20 125 2.096568493951065E-4
20 124 3.3460148476315043E-4
20 106 1.4231320548116057E-3
20 86 9.362719481004743E-3
20 77 7.325041674127401E-4
20 62 4.191289293878265E-3
20 26 3.0383035343015607E-4
20 153 1.424080072579727E-3
20 150 8.931486933756305E-4
20 148 5.82676032787402E-4
20 147 1.0459583708415426E-3
20 139 4.0852180702988725E-3
20 133 9.04553010656604E-3
20 126 6.329914474013297E-4
20 104 5.165279575618119E-4
20 76 1.8347487065357142E-3
20 71 1.478877668929827E-3
20 70 4.400938635927326E-4
20 68 3.2741641099693097E-3
20 66 1.0754289418774636E-3
20 65 2.8297870316201755E-3
20 63 8.86356823751744E-3
20 60 5.194275769916981E-3
20 59 3.1188052784491254E-3
20 57 8.540600549146659E-4
20 47 1.136535437518586E-3
20 44 1.0561020665644195E-3
20 38 1.4014723189960515E-3
20 37 4.2608137408496925E-4
20 163 3.143080310720088E-2
20 155 2.506917789103757E-3
20 152 2.5230849218736428E-2
20 141 1.739865386388057E-2
20 130 9.396793961627327E-3
20 119 7.80701619890215E-3
20 108 1.4300523740910735E-2
20 97 2.6764785435833993E-2
20 75 7.204797861342926E-4
20 64 2.021061754578539E-2
20 53 9.142628248287179E-3
20 42 2.9095032556798968E-2
20 31 1.3276662246310095E-2
20 20 2.8010402394356353E-2
21 159 3.52892845106466E-4
21 150 4.5872559802498944E-4
21 148 4.389302340444608E-4
21 144 4.896424647917476E-4
21 78 3.9310353743889943E-4
21 35 5.082771003758748E-4
21 32 9.499665064953963E-4
21 160 9.058732304477937E-4
21 116 3.480623746114603E-4
21 102 2.816359105493622E-4
21 100 9.89982344911006E-4
21 99 2.8911125924896697E-3
21 165 8.477213336286996E-4
21 164 1.970307867850432E-3
21 161 9.045927306169622E-4
21 158 1.2277988629012231E-3
21 156 2.4144045824524823E-3
21 155 6.435623996432182E-4
21 38 3.594489841252345E-4
21 65 3.9349437830753405E-3
21 154 1.474859274099022E-3
21 147 5.165138634843253E-4
21 146 1.5765094060170045E-3
21 126 7.13459162529988E-4
21 125 1.930164919216011E-3
21 119 3.1637378906953763E-4
21 75 3.354626279025118E-4
21 63 4.238019354644709E-4
21 59 6.603731794392931E-3
21 81 2.673232228530618E-4
21 62 2.885102011277393E-3
21 60 2.9036069254162653E-3
21 44 7.145223461159683E-4
21 37 6.717159079977306E-4
21 34 6.441139101259141E-4
21 132 1.729480001822453E-3
21 87 4.3548365357489404E-4
21 85 1.7282257158422098E-3
21 72 8.754773352881783E-4
21 67 1.8899962813937155E-3
21 66 3.2770890230680227E-3
21 58 3.1700008763832195E-3
21 55 5.311193500295333E-3
21 49 2.3837612005023013E-3
21 48 2.311335761091376E-3
21 45 2.187776599206969E-3
21 157 1.785227992281813E-3
21 151 2.788932630812187E-3
21 122 4.4487033789040634E-4
21 89 4.7080238479170136E-4
21 33 5.722395844103998E-4
21 30 5.878855303580272E-3
21 29 5.475408653312822E-3
21 24 1.31402763198022E-3
21 12 6.190703507095006E-4
21 11 6.381289963285963E-4
21 10 6.698960760396169E-4
21 8 5.165982131963905E-4
21 5 9.654678041050468E-4
21 4 7.828662945742165E-4
21 3 4.4487033789040634E-4
21 2 6.103973395140143E-4
21 1 4.4487033789040634E-4
21 162 3.716689611875354E-3
21 76 4.790932800473217E-3
21 71 9.637714184881683E-3
21 70 5.7451071724793955E-3
21 68 5.450614620565635E-3
21 52 1.2342597983551437E-2
21 51 5.615479555133547E-3
21 47 4.603413242869471E-3
21 143 7.558977255460773E-4
21 142 6.780279180588519E-4
21 140 2.9941214259363597E-3
21 137 4.2904092690065524E-4
21 136 6.002331743916833E-4
21 135 6.846719848013188E-4
21 106 6.576064459756907E-4
21 77 5.934051970679924E-4
21 27 6.883558002737183E-4
21 131 5.231748457544876E-3
21 129 1.955001274266594E-2
21 128 3.430036277784566E-3
21 17 9.248153147046388E-4
21 14 1.3736064347759609E-2
21 13 1.753198229046115E-2
21 124 4.1517092209118235E-3
21 98 4.386414941854468E-3
21 96 6.570519995116654E-3
21 95 6.570519995116654E-3
21 93 5.072521846516839E-3
21 92 1.2876195743091753E-2
21 91 1.004338000674191E-3
21 82 8.255962489202351E-4
21 80 1.3419425958500818E-3
21 25 2.561313402183775E-3
21 23 3.8158322732563077E-3
21 19 8.05518804786547E-3
21 145 3.240270830891299E-3
21 139 1.6653523535334995E-2
21 138 5.533373265741195E-3
21 134 3.84924571700415E-3
21 123 5.268902886968388E-3
21 110 2.1287293756603876E-3
21 109 2.610794736248944E-3
21 107 4.284435837349199E-3
21 103 4.5274790596362986E-3
21 101 4.329403394034029E-3
21 90 7.154022394088552E-3
21 84 4.0673930992117845E-3
21 79 4.413855852119525E-3
21 74 1.588943244843509E-2
21 73 8.839681426441062E-3
21 69 1.371772416710591E-2
21 57 6.308812862004949E-3
21 54 1.4672402231697617E-2
21 46 8.195988425685597E-3
21 22 2.059238796845023E-2
21 21 3.9364067665024836E-2
21 18 2.128485881818536E-2
21 16 2.243516656298888E-2
21 15 1.6303345544399973E-2
22 89 3.8595914418676995E-4
22 12 3.3137015155269975E-4
22 20 3.982897969057591E-3
22 147 4.922114867488241E-4
22 99 1.4319880682708529E-3
22 85 1.0738803400508075E-3
22 165 1.0016362274932555E-3
22 164 3.0434966504666178E-3
22 162 1.0387715847957216E-3
22 161 1.8094618266459974E-3
22 30 1.0061136122545555E-3
22 29 1.108007812183992E-3
22 68 1.0339980359543735E-2
22 155 8.506138609208978E-4
22 133 6.463229920425345E-3
22 71 1.228063274019651E-2
22 38 1.0151738302370747E-3
22 125 7.153668278326206E-4
22 40 8.656398619171446E-4
22 26 5.61951371638378E-4
22 158 1.989888102152777E-3
22 156 3.860371696881865E-3
22 88 3.4892103574756684E-3
22 78 9.891596241688927E-4
22 45 6.20395812411997E-4
22 81 1.922522522145466E-3
22 62 5.169591203139619E-3
22 60 1.2797873333071814E-3
22 55 2.4511730556744573E-2
22 52 3.318779127297014E-2
22 51 1.4954448927598516E-2
22 48 4.8502262863669475E-3
22 44 3.975939694469764E-3
22 37 1.2548375684188037E-3
22 34 2.018291103988287E-3
22 157 5.3131529263256705E-3
22 76 1.5667803060793458E-2
22 70 9.076252097059152E-3
22 65 3.441423516514004E-3
22 49 5.121781829741781E-3
22 47 3.304609164103864E-2
22 32 3.039942227384794E-3
22 153 2.0850116750130267E-3
22 140 1.3254058550651388E-2
22 106 2.8973969114897274E-3
22 159 1.244251622524492E-3
22 143 8.45502725572629E-3
22 142 6.8537856792042695E-3
22 137 7.844683818935268E-3
22 136 6.299215022111475E-3
22 135 8.532773355595866E-3
22 104 8.390513131019793E-4
22 77 4.719382127981664E-3
22 27 4.839165000393047E-3
22 131 5.650573159059461E-4
22 129 1.5619247545286038E-3
22 128 3.3131906010723227E-3
22 17 3.8699258242852496E-4
22 14 2.4152568298280764E-2
22 13 2.0981067684588614E-2
22 124 3.485013965372593E-3
22 98 4.538981530030665E-3
22 96 3.422585384485456E-3
22 95 3.422585384485456E-3
22 93 8.517470896469117E-3
22 92 8.762180758326443E-3
22 91 4.947518348520691E-4
22 82 2.0053153085936057E-3
22 80 4.917893056127796E-4
22 25 7.506563517022922E-4
22 23 1.3595281096430564E-3
22 19 2.6103197834485312E-2
22 145 3.966415565495312E-3
22 139 1.206892693284501E-2
22 138 3.2116348954675245E-3
22 134 3.554015245748081E-3
22 123 2.8999264218276667E-3
22 110 2.4156131869849506E-3
22 109 2.6309913885852465E-3
22 107 3.080852372276223E-3
22 103 4.594884774592515E-3
22 101 2.4246200292439607E-3
22 90 7.960193264448159E-3
22 84 2.9061865480818558E-3
22 79 4.147721785502975E-3
22 74 1.0632870473365877E-2
22 73 1.09893416024857E-2
22 69 1.5679556728434702E-2
22 57 2.0404998439501874E-3
22 54 3.903604830407324E-2
22 46 9.93627351534199E-3
22 22 6.26862718444362E-2
22 21 2.059238796845023E-2
22 18 2.279571364779382E-2
22 16 2.8500068076628693E-2
22 15 1.894908762867109E-2
23 153 6.157908081051708E-4
23 150 2.7762446958899006E-3
23 148 2.5264051880688433E-3
23 144 3.354626279025118E-4
23 118 2.977406824163853E-4
23 117 3.1191073901762036E-4
23 115 2.495659384606218E-4
23 113 3.7931222073618246E-4
23 120 4.870740603901438E-4
23 126 1.710658339220344E-3
23 125 3.188442839976576E-3
23 65 1.758603960106317E-3
23 63 5.796673858934835E-4
23 59 1.1282880690854724E-3
23 26 7.388666598318058E-4
23 145 2.025352813832878E-3
23 109 9.409386463524116E-4
23 107 1.5289209884522012E-3
23 102 1.243932044419092E-3
23 101 1.2773407499141617E-3
23 165 7.685972191675465E-4
23 99 2.458822493766899E-3
23 147 1.4548762124654516E-3
23 142 3.745861305610348E-4
23 132 3.8678572178619483E-3
23 123 3.0035111780421183E-3
23 85 2.232314722978126E-3
23 84 4.20171356981063E-4
23 79 3.949342751119228E-3
23 67 1.6754385206611245E-3
23 66 9.873194087783158E-4
23 57 3.0225247885233455E-4
23 54 5.018336734988487E-4
23 52 6.7968970155855E-4
23 47 3.4475090775788644E-4
23 114 8.114695689806901E-4
23 87 6.220970022003924E-3
23 58 2.4258498030743105E-3
23 55 3.548986600220632E-3
23 51 2.19755175242501E-3
23 49 3.97597081808744E-3
23 48 3.392717930362426E-3
23 1 5.380409488138896E-3
23 28 1.8158947854411456E-2
23 160 2.0306292799782E-2
23 149 1.1623586878227619E-2
23 127 1.2076794767984164E-2
23 116 7.008191749640846E-3
23 105 6.132340899172399E-3
23 94 9.26063377683577E-3
23 83 5.9549771149026275E-3
23 72 6.6831714628046044E-3
23 50 9.292479862049962E-3
23 39 1.1322184904658736E-2
23 154 8.309914741909768E-3
23 151 8.373964502576247E-3
23 146 2.7380892249135483E-3
23 33 2.990875661169898E-3
23 30 6.998979793537082E-4
23 29 5.708570628239528E-4
23 27 9.796813540406655E-4
23 24 6.721225056900411E-4
23 138 1.5949381234597108E-2
23 131 7.252349162504862E-3
23 129 9.070508115654444E-3
23 128 2.0301037079639827E-2
23 103 2.158911862687813E-3
23 73 5.216894499585964E-4
23 46 7.191362309271635E-3
23 17 7.3717102356933364E-3
23 14 4.723150146272466E-3
23 13 1.9181354382538744E-3
23 124 1.7323245172644907E-3
23 98 3.810172868057791E-3
23 96 7.5202539276217365E-3
23 95 7.5202539276217365E-3
23 93 1.0358637532082867E-3
23 92 4.6995673236508405E-3
23 91 5.631645671880577E-3
23 82 5.357352544183395E-3
23 80 6.349790701971385E-3
23 69 2.1839645512021144E-3
23 25 9.024243623711489E-4
23 22 1.3595281096430564E-3
23 21 3.8158322732563077E-3
23 19 4.2664788709607574E-4
23 18 1.4344000598863543E-3
23 16 4.713528875301561E-3
23 15 5.357832151829692E-3
23 122 3.933161605181756E-3
23 121 3.70267069316647E-4
23 112 5.401886328520282E-4
23 100 2.406584394711607E-3
23 78 3.5097044651811963E-3
23 61 6.6374101203442535E-3
23 56 3.9393174757254394E-4
23 45 7.339580719902128E-3
23 34 2.0251178629670237E-3
23 32 1.1796829765858897E-3
23 23 2.4872789837499906E-2
23 8 3.70267069316647E-4
23 6 1.2236814346055953E-2
23 4 3.5660406011635683E-4
23 3 7.166477352609895E-4
24 104 4.094997177673604E-4
24 88 8.27340140815157E-4
24 82 7.630786996712989E-4
24 153 2.9875772152460475E-3
24 147 5.74676225837514E-3
24 118 3.4764069458661156E-4
24 117 3.641855895576519E-4
24 115 2.913920781248118E-4
24 113 4.428832593911588E-4
24 102 5.200897985690287E-4
24 87 3.9168467011433625E-4
24 66 3.9168467011433625E-4
24 59 7.279769637888729E-4
