func,duration,bytes
bytes,0,640700904
bytes,0,640700904
bytes,0,640700904
bytes,0,640700904
bytes,0,640700904
bytes,0,640700904
bytes,0,640700904
bytes,0,640700904
bytes,0,640700904
bytes,0,640700904
bytes,0,640700904
bytes,0,640700904
bytes,0,640700904
bytes,0,640700904
bytes,0,640700904
bytes,0,640700904
bytes,0,640700904
bytes,0,640700904
bytes,0,640700904
bytes,0,640700904
bytes,0,640700904
bytes,0,640700904
bytes,0,640700904
bytes,0,640700904
bytes,0,640700904
bytes,0,640700904
bytes,0,640700904
bytes,0,640700904
bytes,0,640700904
bytes,0,640700904
bytes,0,640700904
bytes,0,640700904
bytes,0,640700904
bytes,0,640700904
bytes,0,640700904
bytes,0,640700904
bytes,0,640700904
bytes,0,640700904
bytes,0,640700904
bytes,0,640700904
bytes,0,640700904
bytes,0,640700904
bytes,0,640700904
bytes,0,640700904
bytes,0,640700904
bytes,0,640700904
bytes,0,640700904
bytes,0,640700904
bytes,0,640700904
bytes,0,640700904
global,3.72508e+11,0
read_triplets,2.34537e+10,0
triplets_to_map,7.23692e+08,0
build_csr,5.6171e+06,0
read_triplets,1.9823e+10,0
triplets_to_map,9.76743e+08,0
build_csr,152970,0
build_csr,106640,0
build_csr,89507,0
build_csr,63564,0
build_csr,60185,0
build_csr,86242,0
build_csr,62939,0
build_csr,117914,0
build_csr,34352,0
build_csr,36186,0
build_csr,34881,0
build_csr,33851,0
build_csr,33496,0
build_csr,33786,0
build_csr,33755,0
build_csr,33596,0
build_csr,34112,0
build_csr,33595,0
build_csr,33556,0
build_csr,33536,0
build_csr,33679,0
build_csr,33368,0
build_csr,33657,0
build_csr,33469,0
build_csr,33478,0
build_csr,33541,0
build_csr,33406,0
build_csr,33400,0
build_csr,33539,0
build_csr,33423,0
build_csr,56183,0
build_csr,33622,0
build_csr,33342,0
build_csr,33508,0
build_csr,33365,0
build_csr,33662,0
build_csr,35844,0
build_csr,33641,0
build_csr,33594,0
build_csr,33625,0
build_csr,33857,0
build_csr,34158,0
build_csr,34323,0
build_csr,33119,0
build_csr,33580,0
build_csr,33403,0
build_csr,33490,0
build_csr,33452,0
build_csr,33593,0
build_csr,33388,0
build_csr,34480,0
build_csr,33333,0
build_csr,36393,0
build_csr,36014,0
build_csr,33323,0
build_csr,34098,0
build_csr,33981,0
build_csr,33575,0
build_csr,33329,0
build_csr,33489,0
build_csr,33354,0
build_csr,33353,0
build_csr,33370,0
build_csr,33106,0
build_csr,35755,0
build_csr,33360,0
build_csr,33631,0
build_csr,33298,0
build_csr,36291,0
build_csr,33222,0
build_csr,35599,0
build_csr,37585,0
build_csr,51030,0
build_csr,35966,0
build_csr,36161,0
build_csr,35649,0
build_csr,35891,0
build_csr,35710,0
build_csr,35900,0
build_csr,35756,0
build_csr,37483,0
build_csr,51361,0
build_csr,35976,0
build_csr,35728,0
build_csr,35963,0
build_csr,35710,0
build_csr,35855,0
build_csr,36742,0
build_csr,35339,0
build_csr,34273,0
build_csr,34180,0
build_csr,34214,0
build_csr,34122,0
build_csr,36295,0
build_csr,34073,0
build_csr,34392,0
build_csr,34419,0
build_csr,34119,0
build_csr,34053,0
build_csr,33903,0
build_csr,33542,0
build_csr,43412,0
build_csr,33587,0
build_csr,33582,0
build_csr,36494,0
build_csr,104435,0
build_csr,283225,0
build_csr,329038,0
build_csr,461768,0
build_csr,466751,0
build_csr,563541,0
build_csr,328653,0
build_csr,214508,0
build_csr,101175,0
build_csr,33914,0
build_csr,33894,0
build_csr,33541,0
build_csr,33697,0
build_csr,34696,0
build_csr,33436,0
build_csr,33624,0
build_csr,33651,0
build_csr,33664,0
build_csr,33523,0
build_csr,33462,0
build_csr,33748,0
build_csr,33605,0
build_csr,33964,0
bitmaps,625869,0
filter,89480,0
filter,137828,0
filter,86642,0
filter,66190,0
filter,74440,0
filter,66403,0
filter,120229,0
filter,129195,0
filter,112504,0
filter,131071,0
filter,139763,0
filter,138984,0
filter,149132,0
filter,265165,0
filter,149937,0
filter,313861,0
filter,253300,0
filter,223602,0
filter,241028,0
filter,495721,0
filter,272116,0
filter,261804,0
filter,280676,0
filter,297863,0
filter,332062,0
filter,310226,0
filter,707346,0
filter,994839,0
filter,510222,0
filter,527457,0
filter,545486,0
filter,501901,0
filter,498731,0
filter,486661,0
filter,505441,0
filter,487929,0
filter,497298,0
filter,994936,0
filter,483500,0
filter,496047,0
filter,486377,0
filter,480745,0
filter,482099,0
filter,492653,0
filter,471222,0
filter,471755,0
filter,460336,0
filter,484886,0
filter,449511,0
filter,466602,0
filter,459612,0
filter,450590,0
filter,514084,0
filter,450837,0
filter,468584,0
filter,449333,0
filter,472389,0
filter,485842,0
filter,472560,0
filter,953946,0
filter,500887,0
filter,451801,0
filter,291495,0
filter,462008,0
filter,290598,0
filter,503280,0
filter,289484,0
filter,298040,0
filter,459974,0
filter,291192,0
filter,488169,0
filter,291943,0
filter,458730,0
filter,291216,0
filter,281738,0
filter,299125,0
filter,480071,0
filter,291580,0
filter,281612,0
filter,298595,0
filter,282655,0
filter,307094,0
filter,310400,0
filter,298358,0
filter,289917,0
filter,299026,0
filter,291420,0
filter,619528,0
filter,293110,0
filter,459959,0
filter,453053,0
filter,460758,0
filter,481928,0
filter,462058,0
filter,485493,0
filter,493232,0
filter,463492,0
filter,494981,0
filter,462589,0
filter,467868,0
filter,459812,0
filter,522279,0
filter,469342,0
filter,488806,0
filter,470265,0
filter,514809,0
filter,507107,0
filter,1.02086e+06,0
filter,544119,0
filter,490220,0
filter,497380,0
filter,489972,0
filter,544707,0
filter,507117,0
filter,526002,0
filter,518549,0
filter,587716,0
filter,527223,0
filter,550191,0
filter,586078,0
filter,571469,0
filter,592168,0
filter,570347,0
filter,566649,0
filter,564335,0
filter,553383,0
filter,580460,0
filter,539450,0
filter,551872,0
filter,547011,0
filter,542259,0
filter,564309,0
filter,538411,0
filter,585139,0
filter,540191,0
filter,527421,0
filter,507288,0
filter,505533,0
filter,505557,0
filter,515149,0
filter,533594,0
filter,508170,0
filter,500078,0
filter,489276,0
filter,529909,0
filter,496398,0
filter,488836,0
filter,487209,0
filter,514500,0
filter,479208,0
filter,470992,0
filter,475773,0
filter,469056,0
filter,469084,0
filter,451501,0
filter,458328,0
filter,451259,0
filter,305350,0
filter,282030,0
filter,289723,0
filter,288595,0
filter,262894,0
filter,279215,0
filter,263346,0
filter,273924,0
filter,261230,0
filter,244314,0
filter,250990,0
filter,243909,0
filter,225835,0
filter,241926,0
filter,235195,0
filter,263328,0
filter,241802,0
filter,234584,0
filter,225279,0
filter,243514,0
filter,236150,0
filter,243488,0
filter,242802,0
filter,252031,0
filter,244635,0
filter,246727,0
filter,228963,0
filter,246536,0
filter,229044,0
filter,247892,0
filter,228761,0
filter,244797,0
filter,268149,0
filter,230832,0
filter,226819,0
filter,228540,0
filter,236245,0
filter,246880,0
filter,229657,0
filter,229965,0
filter,238175,0
filter,266482,0
filter,229315,0
filter,235660,0
filter,228371,0
filter,529093,0
filter,233033,0
filter,347325,0
filter,801541,0
filter,451122,0
filter,429613,0
filter,1.31892e+06,0
filter,875618,0
filter,2.06558e+06,0
filter,2.67132e+06,0
filter,2.33897e+06,0
filter,2.58282e+06,0
filter,4.12968e+06,0
filter,4.37247e+06,0
filter,4.03352e+06,0
filter,4.0326e+06,0
filter,3.45619e+06,0
filter,3.88e+06,0
filter,3.87735e+06,0
filter,3.69361e+06,0
filter,3.61767e+06,0
filter,2.97893e+06,0
filter,2.90444e+06,0
filter,2.96023e+06,0
filter,2.6156e+06,0
filter,1.53673e+06,0
filter,1.07508e+06,0
filter,1.15229e+06,0
filter,996384,0
filter,930498,0
filter,869370,0
filter,408860,0
filter,491487,0
filter,420011,0
filter,374565,0
filter,366927,0
filter,379650,0
filter,261577,0
filter,260892,0
filter,303032,0
filter,260328,0
filter,251350,0
filter,250726,0
filter,242397,0
filter,233156,0
filter,233407,0
filter,255038,0
filter,240047,0
filter,233156,0
filter,223694,0
filter,139211,0
filter,131064,0
filter,130080,0
filter,10735,0
wait_all,1.98326e+09,0
deserialize,23726,0
mult,2.13241e+06,0
deserialize,3553,0
mult,2.0525e+06,0
deserialize,2416,0
mult,2.03385e+06,0
deserialize,2450,0
mult,2.05179e+06,0
deserialize,2549,0
mult,2.03586e+06,0
deserialize,2553,0
mult,2.04174e+06,0
deserialize,2838,0
mult,2.03371e+06,0
deserialize,2542,0
mult,2.04767e+06,0
deserialize,2381,0
mult,2.03546e+06,0
deserialize,2386,0
mult,2.04315e+06,0
deserialize,2703,0
mult,2.03873e+06,0
deserialize,3116,0
mult,2.03888e+06,0
deserialize,2680,0
mult,2.04011e+06,0
deserialize,2653,0
mult,2.03509e+06,0
deserialize,2675,0
mult,2.04206e+06,0
deserialize,2625,0
mult,2.04004e+06,0
deserialize,2507,0
mult,2.04127e+06,0
deserialize,2695,0
mult,2.03585e+06,0
deserialize,2535,0
mult,2.04092e+06,0
deserialize,2556,0
mult,2.03996e+06,0
deserialize,2505,0
mult,2.04039e+06,0
deserialize,2804,0
mult,2.03465e+06,0
deserialize,2371,0
mult,2.03976e+06,0
deserialize,2458,0
mult,2.04053e+06,0
deserialize,2397,0
mult,2.04245e+06,0
deserialize,2706,0
mult,2.03493e+06,0
deserialize,2401,0
mult,2.04217e+06,0
deserialize,2695,0
mult,2.03991e+06,0
deserialize,2442,0
mult,2.04032e+06,0
deserialize,2455,0
mult,2.03627e+06,0
deserialize,2478,0
mult,2.04007e+06,0
deserialize,2522,0
mult,2.0382e+06,0
deserialize,2460,0
mult,2.04189e+06,0
deserialize,2537,0
mult,2.03441e+06,0
deserialize,2263,0
mult,2.0439e+06,0
deserialize,2440,0
mult,2.03985e+06,0
deserialize,2548,0
mult,2.04154e+06,0
deserialize,2430,0
mult,2.03402e+06,0
deserialize,2290,0
mult,2.04073e+06,0
deserialize,2563,0
mult,2.0391e+06,0
deserialize,2455,0
mult,2.04129e+06,0
deserialize,2447,0
mult,2.03698e+06,0
deserialize,2592,0
mult,2.04134e+06,0
deserialize,2604,0
mult,2.03894e+06,0
deserialize,2437,0
mult,2.04046e+06,0
deserialize,2260,0
mult,2.03573e+06,0
deserialize,2604,0
mult,2.04167e+06,0
deserialize,2301,0
mult,2.04046e+06,0
deserialize,2465,0
mult,2.04009e+06,0
deserialize,2330,0
mult,2.0358e+06,0
deserialize,2297,0
mult,2.04236e+06,0
deserialize,2440,0
mult,2.03834e+06,0
deserialize,2460,0
mult,2.04092e+06,0
deserialize,2454,0
mult,2.03616e+06,0
deserialize,2238,0
mult,2.0396e+06,0
deserialize,2496,0
mult,2.03829e+06,0
deserialize,2560,0
mult,2.04072e+06,0
deserialize,2499,0
mult,2.04331e+06,0
deserialize,2771,0
mult,2.03381e+06,0
deserialize,2370,0
mult,2.04411e+06,0
deserialize,2893,0
mult,2.03583e+06,0
deserialize,2440,0
mult,2.04124e+06,0
deserialize,2614,0
mult,2.03539e+06,0
deserialize,2454,0
mult,2.04957e+06,0
deserialize,2928,0
mult,2.03634e+06,0
deserialize,2456,0
mult,2.04355e+06,0
deserialize,2752,0
mult,2.0344e+06,0
deserialize,2550,0
mult,2.0452e+06,0
deserialize,2774,0
mult,2.0351e+06,0
deserialize,2402,0
mult,2.0421e+06,0
deserialize,2830,0
mult,2.03743e+06,0
deserialize,2246,0
mult,2.04413e+06,0
deserialize,2636,0
mult,2.0344e+06,0
deserialize,2351,0
mult,2.04079e+06,0
deserialize,2686,0
mult,2.03529e+06,0
deserialize,2270,0
mult,2.04605e+06,0
deserialize,2438,0
mult,2.03454e+06,0
deserialize,2374,0
mult,2.04078e+06,0
deserialize,2447,0
mult,2.03502e+06,0
deserialize,2312,0
mult,2.04304e+06,0
deserialize,2322,0
mult,2.03405e+06,0
deserialize,2179,0
mult,2.04037e+06,0
deserialize,2449,0
mult,2.03615e+06,0
deserialize,2340,0
mult,2.04371e+06,0
deserialize,2514,0
mult,2.03608e+06,0
deserialize,2242,0
mult,2.04036e+06,0
deserialize,2261,0
mult,2.03478e+06,0
deserialize,2555,0
mult,2.04445e+06,0
deserialize,2380,0
mult,2.03402e+06,0
deserialize,2391,0
mult,2.04036e+06,0
deserialize,2617,0
mult,2.03422e+06,0
deserialize,2308,0
mult,2.04371e+06,0
deserialize,2531,0
mult,2.03543e+06,0
deserialize,2237,0
mult,2.0432e+06,0
deserialize,2376,0
mult,2.034e+06,0
deserialize,2440,0
mult,2.0416e+06,0
deserialize,2343,0
mult,2.0359e+06,0
deserialize,2246,0
mult,2.03978e+06,0
deserialize,2335,0
mult,2.03481e+06,0
deserialize,2479,0
mult,2.04258e+06,0
deserialize,2541,0
mult,2.03392e+06,0
deserialize,2274,0
mult,2.03963e+06,0
deserialize,2613,0
mult,2.03407e+06,0
deserialize,2263,0
mult,2.0432e+06,0
deserialize,2490,0
mult,2.04079e+06,0
deserialize,2713,0
mult,2.03454e+06,0
deserialize,2308,0
mult,2.0397e+06,0
deserialize,2615,0
mult,2.03604e+06,0
deserialize,2422,0
mult,2.0416e+06,0
deserialize,2512,0
mult,2.03362e+06,0
deserialize,2736,0
mult,2.04018e+06,0
deserialize,2570,0
mult,2.03773e+06,0
deserialize,2767,0
mult,2.04385e+06,0
deserialize,2520,0
mult,2.03552e+06,0
deserialize,2756,0
mult,2.05251e+06,0
deserialize,2478,0
mult,2.03587e+06,0
deserialize,2485,0
mult,2.04157e+06,0
deserialize,2619,0
mult,2.03401e+06,0
deserialize,2659,0
mult,2.04169e+06,0
deserialize,2676,0
mult,2.03567e+06,0
deserialize,2573,0
mult,2.03971e+06,0
deserialize,2847,0
mult,2.03417e+06,0
deserialize,2339,0
mult,2.04145e+06,0
deserialize,2888,0
mult,2.03629e+06,0
deserialize,2548,0
mult,2.03978e+06,0
deserialize,2456,0
mult,2.0327e+06,0
deserialize,2316,0
mult,2.04441e+06,0
deserialize,2495,0
mult,2.03693e+06,0
deserialize,2554,0
mult,2.04236e+06,0
deserialize,2500,0
mult,2.03371e+06,0
deserialize,2470,0
mult,2.05468e+06,0
deserialize,2649,0
mult,2.03622e+06,0
deserialize,2386,0
mult,2.04269e+06,0
deserialize,2497,0
mult,2.03335e+06,0
deserialize,2470,0
mult,2.0407e+06,0
deserialize,2470,0
mult,2.038e+06,0
deserialize,2410,0
mult,2.04181e+06,0
deserialize,2258,0
mult,2.03315e+06,0
deserialize,2464,0
mult,2.03912e+06,0
deserialize,2740,0
mult,2.03697e+06,0
deserialize,2281,0
mult,2.04044e+06,0
deserialize,2346,0
mult,2.03569e+06,0
deserialize,2463,0
mult,2.04075e+06,0
deserialize,2484,0
mult,2.03655e+06,0
deserialize,2489,0
mult,2.04214e+06,0
deserialize,2296,0
mult,2.03431e+06,0
deserialize,2426,0
mult,2.04137e+06,0
deserialize,2473,0
mult,2.03592e+06,0
deserialize,2557,0
mult,2.03871e+06,0
deserialize,2442,0
mult,2.0337e+06,0
deserialize,2503,0
mult,2.03461e+06,0
deserialize,2303,0
mult,2.04216e+06,0
deserialize,2730,0
mult,2.03608e+06,0
deserialize,2283,0
mult,2.04085e+06,0
deserialize,2722,0
mult,2.0346e+06,0
deserialize,2353,0
mult,2.04388e+06,0
deserialize,2692,0
mult,2.03571e+06,0
deserialize,2257,0
mult,2.03975e+06,0
deserialize,2637,0
mult,2.03452e+06,0
deserialize,2335,0
mult,2.04084e+06,0
deserialize,2688,0
mult,2.03525e+06,0
deserialize,2499,0
mult,2.03964e+06,0
deserialize,2725,0
mult,2.03371e+06,0
deserialize,2373,0
mult,2.04471e+06,0
deserialize,2666,0
mult,2.03441e+06,0
deserialize,2276,0
mult,2.04075e+06,0
deserialize,2686,0
mult,2.03467e+06,0
deserialize,2354,0
mult,2.04528e+06,0
deserialize,2849,0
mult,2.03414e+06,0
deserialize,2354,0
mult,2.04123e+06,0
deserialize,2913,0
mult,2.03395e+06,0
deserialize,2289,0
mult,2.04293e+06,0
deserialize,2734,0
mult,2.03521e+06,0
deserialize,2369,0
mult,2.0411e+06,0
deserialize,2432,0
mult,2.03457e+06,0
deserialize,2524,0
mult,2.04577e+06,0
deserialize,2394,0
mult,2.03575e+06,0
deserialize,2417,0
mult,2.03873e+06,0
deserialize,2278,0
mult,2.03463e+06,0
deserialize,2757,0
mult,2.04536e+06,0
deserialize,2482,0
mult,2.03461e+06,0
deserialize,2574,0
mult,2.04287e+06,0
deserialize,2599,0
mult,2.03601e+06,0
deserialize,2458,0
mult,2.0432e+06,0
deserialize,2683,0
mult,2.03408e+06,0
deserialize,2430,0
mult,2.03968e+06,0
deserialize,2542,0
mult,2.03448e+06,0
deserialize,2400,0
mult,2.0469e+06,0
deserialize,2749,0
mult,2.03566e+06,0
deserialize,2414,0
mult,2.04503e+06,0
deserialize,2263,0
mult,2.03295e+06,0
deserialize,2347,0
mult,2.04683e+06,0
deserialize,2572,0
mult,2.03572e+06,0
deserialize,2200,0
mult,2.04152e+06,0
deserialize,2244,0
mult,2.03419e+06,0
deserialize,2510,0
mult,2.04369e+06,0
deserialize,2599,0
mult,2.03874e+06,0
deserialize,2616,0
mult,2.03393e+06,0
deserialize,2374,0
mult,2.0394e+06,0
deserialize,2680,0
mult,2.04036e+06,0
deserialize,2971,0
mult,2.04106e+06,0
deserialize,2488,0
mult,2.03697e+06,0
deserialize,2511,0
mult,2.04024e+06,0
deserialize,2599,0
mult,2.04135e+06,0
deserialize,2442,0
mult,2.0411e+06,0
deserialize,2466,0
mult,2.03578e+06,0
deserialize,2671,0
mult,2.04249e+06,0
deserialize,2793,0
mult,2.04236e+06,0
deserialize,2471,0
mult,2.04158e+06,0
deserialize,2647,0
mult,2.03682e+06,0
deserialize,2739,0
mult,2.04049e+06,0
deserialize,2611,0
mult,2.04089e+06,0
deserialize,2459,0
mult,2.04201e+06,0
deserialize,2606,0
mult,8.83604e+06,0
deserialize,19950,0
mult,8.6386e+07,0
deserialize,5173,0
mult,6.44762e+07,0
deserialize,4737,0
mult,6.8008e+07,0
deserialize,23473,0
mult,2.97251e+07,0
deserialize,7877,0
mult,4.73787e+06,0
deserialize,5198,0
mult,2.04932e+06,0
deserialize,5443,0
mult,2.04416e+06,0
deserialize,5320,0
mult,2.04524e+06,0
deserialize,5117,0
mult,2.03828e+06,0
deserialize,5164,0
mult,2.05138e+06,0
deserialize,5076,0
mult,2.03769e+06,0
deserialize,4837,0
mult,2.06425e+06,0
deserialize,3788,0
mult,2.03847e+06,0
deserialize,3950,0
mult,2.04214e+06,0
deserialize,3893,0
mult,2.06435e+06,0
deserialize,3732,0
mult,2.04356e+06,0
deserialize,3817,0
mult,2.03762e+06,0
deserialize,3872,0
mult,2.04261e+06,0
deserialize,3680,0
mult,2.03702e+06,0
deserialize,3515,0
mult,2.04416e+06,0
deserialize,3527,0
mult,2.03659e+06,0
deserialize,3686,0
mult,2.04199e+06,0
deserialize,3635,0
mult,2.03713e+06,0
deserialize,3557,0
mult,2.04232e+06,0
deserialize,3737,0
mult,2.04353e+06,0
deserialize,3840,0
mult,2.0357e+06,0
deserialize,3711,0
mult,2.04467e+06,0
deserialize,3582,0
mult,2.03537e+06,0
deserialize,3518,0
mult,2.04314e+06,0
deserialize,3924,0
mult,2.03535e+06,0
deserialize,3772,0
mult,2.04508e+06,0
deserialize,3491,0
mult,2.03328e+06,0
deserialize,3634,0
mult,2.04308e+06,0
deserialize,4030,0
mult,2.03634e+06,0
deserialize,3638,0
mult,2.04631e+06,0
deserialize,3726,0
mult,2.03559e+06,0
deserialize,3564,0
mult,2.04782e+06,0
deserialize,3813,0
mult,2.03379e+06,0
deserialize,3794,0
mult,2.04405e+06,0
deserialize,3684,0
mult,2.03734e+06,0
deserialize,3420,0
mult,2.04347e+06,0
deserialize,3602,0
mult,2.03468e+06,0
wait_all,2.04544e+09,0
deserialize,7773,0
mult,2.20709e+06,0
deserialize,4627,0
mult,2.06666e+06,0
deserialize,3967,0
mult,2.04807e+06,0
deserialize,3678,0
mult,2.07267e+06,0
deserialize,3733,0
mult,2.04774e+06,0
deserialize,3824,0
mult,2.07441e+06,0
deserialize,3623,0
mult,2.04703e+06,0
deserialize,3960,0
mult,2.07589e+06,0
deserialize,3960,0
mult,2.04083e+06,0
deserialize,3399,0
mult,2.07844e+06,0
deserialize,3700,0
mult,2.04555e+06,0
deserialize,3775,0
mult,2.07177e+06,0
deserialize,3720,0
mult,2.04968e+06,0
deserialize,3615,0
mult,2.07514e+06,0
deserialize,3695,0
mult,2.03967e+06,0
deserialize,3647,0
mult,2.08429e+06,0
deserialize,3503,0
mult,2.0395e+06,0
deserialize,3532,0
mult,2.07189e+06,0
deserialize,3788,0
mult,2.0484e+06,0
deserialize,3512,0
mult,2.07224e+06,0
deserialize,3641,0
mult,2.03961e+06,0
deserialize,3575,0
mult,2.07731e+06,0
deserialize,3453,0
mult,2.039e+06,0
deserialize,3693,0
mult,2.07336e+06,0
deserialize,3464,0
mult,2.04835e+06,0
deserialize,3650,0
mult,2.07559e+06,0
deserialize,3637,0
mult,2.03928e+06,0
deserialize,3639,0
mult,2.0787e+06,0
deserialize,3569,0
mult,2.04013e+06,0
deserialize,3996,0
mult,2.07242e+06,0
deserialize,3720,0
mult,2.05322e+06,0
deserialize,3521,0
mult,2.07533e+06,0
deserialize,3620,0
mult,2.03977e+06,0
deserialize,3577,0
mult,2.07865e+06,0
deserialize,3588,0
mult,2.03715e+06,0
deserialize,3536,0
mult,2.08681e+06,0
deserialize,3830,0
mult,2.05357e+06,0
deserialize,3721,0
mult,2.06876e+06,0
deserialize,3636,0
mult,2.04493e+06,0
deserialize,3736,0
mult,2.07196e+06,0
deserialize,3424,0
mult,2.04616e+06,0
deserialize,3613,0
mult,2.07044e+06,0
deserialize,3887,0
mult,2.05543e+06,0
deserialize,3596,0
mult,2.06696e+06,0
deserialize,3597,0
mult,2.04503e+06,0
deserialize,3572,0
mult,2.07285e+06,0
deserialize,3503,0
mult,2.04375e+06,0
deserialize,3534,0
mult,2.07451e+06,0
deserialize,3643,0
mult,2.05621e+06,0
deserialize,3620,0
mult,2.0657e+06,0
deserialize,3581,0
mult,2.05042e+06,0
deserialize,3807,0
mult,2.07251e+06,0
deserialize,3443,0
mult,2.04478e+06,0
deserialize,3888,0
mult,2.07318e+06,0
deserialize,3697,0
mult,2.05195e+06,0
deserialize,3645,0
mult,2.07488e+06,0
deserialize,3606,0
mult,2.04403e+06,0
deserialize,3666,0
mult,2.07457e+06,0
deserialize,3953,0
mult,2.04773e+06,0
deserialize,3784,0
mult,2.07162e+06,0
deserialize,3696,0
mult,2.05892e+06,0
deserialize,3584,0
mult,2.0671e+06,0
deserialize,3530,0
mult,2.0463e+06,0
deserialize,3760,0
mult,2.07539e+06,0
deserialize,3745,0
mult,2.04337e+06,0
deserialize,3857,0
mult,2.0796e+06,0
deserialize,3706,0
mult,2.04572e+06,0
deserialize,3773,0
mult,2.07723e+06,0
deserialize,3575,0
mult,2.04254e+06,0
deserialize,3715,0
mult,2.08389e+06,0
deserialize,3850,0
mult,2.04923e+06,0
deserialize,3363,0
mult,2.07537e+06,0
deserialize,3726,0
mult,2.04883e+06,0
deserialize,3788,0
mult,2.07845e+06,0
deserialize,3476,0
mult,2.04203e+06,0
deserialize,3637,0
mult,2.0885e+06,0
deserialize,3783,0
mult,2.04025e+06,0
deserialize,3523,0
mult,2.076e+06,0
deserialize,3760,0
mult,2.04866e+06,0
deserialize,3646,0
mult,2.07714e+06,0
deserialize,3828,0
mult,2.04259e+06,0
deserialize,3626,0
mult,2.0772e+06,0
deserialize,3576,0
mult,2.04183e+06,0
deserialize,3534,0
mult,2.0742e+06,0
deserialize,3897,0
mult,2.04632e+06,0
deserialize,3490,0
mult,2.07984e+06,0
deserialize,3549,0
mult,2.04182e+06,0
deserialize,3711,0
mult,2.07964e+06,0
deserialize,3664,0
mult,2.04122e+06,0
deserialize,3577,0
mult,2.07163e+06,0
deserialize,3604,0
mult,2.05416e+06,0
deserialize,3568,0
mult,2.07854e+06,0
deserialize,3557,0
mult,2.04354e+06,0
deserialize,3508,0
mult,2.07948e+06,0
deserialize,3745,0
mult,2.03941e+06,0
deserialize,3372,0
mult,2.08358e+06,0
deserialize,3953,0
mult,2.05218e+06,0
deserialize,3628,0
mult,2.0743e+06,0
deserialize,3827,0
mult,2.05039e+06,0
deserialize,3753,0
mult,2.06971e+06,0
deserialize,3460,0
mult,2.04674e+06,0
deserialize,3509,0
mult,2.06457e+06,0
deserialize,3855,0
mult,2.05413e+06,0
deserialize,3553,0
mult,2.07441e+06,0
deserialize,3575,0
mult,2.04777e+06,0
deserialize,3586,0
mult,2.07118e+06,0
deserialize,3606,0
mult,2.04443e+06,0
deserialize,3824,0
mult,2.06832e+06,0
deserialize,3739,0
mult,2.05618e+06,0
deserialize,3788,0
mult,2.07132e+06,0
deserialize,3528,0
mult,2.05447e+06,0
deserialize,3526,0
mult,2.06827e+06,0
deserialize,3609,0
mult,2.04833e+06,0
deserialize,3450,0
mult,2.06794e+06,0
deserialize,3727,0
mult,2.05697e+06,0
deserialize,3658,0
mult,2.07715e+06,0
deserialize,3799,0
mult,2.04842e+06,0
deserialize,3436,0
mult,2.06896e+06,0
deserialize,3608,0
mult,2.04843e+06,0
deserialize,3399,0
mult,2.06414e+06,0
deserialize,3460,0
mult,2.05692e+06,0
deserialize,3619,0
mult,2.06912e+06,0
deserialize,3484,0
mult,2.05333e+06,0
deserialize,3443,0
mult,2.06977e+06,0
deserialize,3673,0
mult,2.04729e+06,0
deserialize,3800,0
mult,2.0676e+06,0
deserialize,3767,0
mult,2.05678e+06,0
deserialize,3497,0
mult,2.07535e+06,0
deserialize,3984,0
mult,2.04414e+06,0
deserialize,3600,0
mult,2.07224e+06,0
deserialize,3611,0
mult,2.0524e+06,0
deserialize,3426,0
mult,2.0723e+06,0
deserialize,4146,0
mult,2.05354e+06,0
deserialize,3525,0
mult,2.07634e+06,0
deserialize,3942,0
mult,2.04096e+06,0
deserialize,3491,0
mult,2.08356e+06,0
deserialize,3889,0
mult,2.04239e+06,0
deserialize,3783,0
mult,2.07523e+06,0
deserialize,3900,0
mult,2.05355e+06,0
deserialize,3575,0
mult,2.07094e+06,0
deserialize,3500,0
mult,2.04469e+06,0
deserialize,3516,0
mult,2.0744e+06,0
deserialize,3410,0
mult,2.04616e+06,0
deserialize,3686,0
mult,2.0737e+06,0
deserialize,3726,0
mult,2.05461e+06,0
deserialize,3852,0
mult,2.07157e+06,0
deserialize,3567,0
mult,2.04218e+06,0
deserialize,3488,0
mult,2.07425e+06,0
deserialize,3882,0
mult,2.04526e+06,0
deserialize,3490,0
mult,2.07374e+06,0
deserialize,3894,0
mult,2.0543e+06,0
deserialize,3806,0
mult,2.07277e+06,0
deserialize,3568,0
mult,2.04491e+06,0
deserialize,3722,0
mult,2.07525e+06,0
deserialize,3765,0
mult,2.042e+06,0
deserialize,3438,0
mult,2.08324e+06,0
deserialize,3652,0
mult,2.08335e+06,0
deserialize,3955,0
mult,2.06634e+06,0
deserialize,3567,0
mult,2.04708e+06,0
deserialize,3699,0
mult,2.06677e+06,0
deserialize,3781,0
mult,2.04901e+06,0
deserialize,3688,0
mult,2.06596e+06,0
deserialize,3769,0
mult,2.05711e+06,0
deserialize,3541,0
mult,2.06827e+06,0
deserialize,3330,0
mult,2.04608e+06,0
deserialize,3717,0
mult,2.06944e+06,0
deserialize,3730,0
mult,2.04608e+06,0
deserialize,3649,0
mult,2.06854e+06,0
deserialize,3997,0
mult,2.05768e+06,0
deserialize,3813,0
mult,2.06922e+06,0
deserialize,3916,0
mult,2.05116e+06,0
deserialize,3527,0
mult,2.06635e+06,0
deserialize,3570,0
mult,2.06638e+06,0
deserialize,3620,0
mult,2.0661e+06,0
deserialize,3476,0
mult,2.05494e+06,0
deserialize,3633,0
mult,2.07684e+06,0
deserialize,3664,0
mult,2.04614e+06,0
deserialize,3943,0
mult,2.0679e+06,0
deserialize,3858,0
mult,2.04593e+06,0
deserialize,3400,0
mult,2.06471e+06,0
deserialize,3708,0
mult,2.05543e+06,0
deserialize,3617,0
mult,2.07051e+06,0
deserialize,3614,0
mult,2.04712e+06,0
deserialize,3741,0
mult,2.06476e+06,0
deserialize,3624,0
mult,2.04744e+06,0
deserialize,3506,0
mult,2.06692e+06,0
deserialize,3748,0
mult,2.05152e+06,0
deserialize,3598,0
mult,2.07629e+06,0
deserialize,3648,0
mult,2.04103e+06,0
deserialize,3437,0
mult,2.07151e+06,0
deserialize,3623,0
mult,2.05015e+06,0
deserialize,3766,0
mult,2.0696e+06,0
deserialize,3862,0
mult,2.04847e+06,0
deserialize,3520,0
mult,2.07989e+06,0
deserialize,3424,0
mult,2.03842e+06,0
deserialize,3430,0
mult,2.08246e+06,0
deserialize,3710,0
mult,2.03894e+06,0
deserialize,3598,0
mult,2.07095e+06,0
deserialize,3594,0
mult,2.0488e+06,0
deserialize,3813,0
mult,2.0731e+06,0
deserialize,3656,0
mult,2.04358e+06,0
deserialize,3650,0
mult,2.07902e+06,0
deserialize,3593,0
mult,2.04418e+06,0
deserialize,3598,0
mult,2.0709e+06,0
deserialize,3628,0
mult,2.04546e+06,0
deserialize,3829,0
mult,2.07625e+06,0
deserialize,3870,0
mult,2.04053e+06,0
deserialize,3638,0
mult,2.07795e+06,0
deserialize,3840,0
mult,2.04267e+06,0
deserialize,3570,0
mult,2.08068e+06,0
deserialize,3823,0
mult,2.05302e+06,0
deserialize,3731,0
mult,2.07828e+06,0
deserialize,4060,0
mult,2.04351e+06,0
deserialize,3604,0
mult,9.7675e+06,0
deserialize,4250,0
mult,7.18538e+07,0
deserialize,5612,0
mult,6.04547e+07,0
deserialize,5517,0
mult,5.78256e+07,0
deserialize,22685,0
mult,2.46677e+07,0
deserialize,7406,0
mult,4.55964e+06,0
deserialize,4737,0
mult,2.04396e+06,0
deserialize,4836,0
mult,2.09288e+06,0
deserialize,4472,0
mult,2.04444e+06,0
deserialize,4573,0
mult,2.08246e+06,0
deserialize,4394,0
mult,2.03704e+06,0
deserialize,3994,0
mult,2.08364e+06,0
deserialize,3559,0
mult,2.03676e+06,0
deserialize,3763,0
mult,2.07973e+06,0
deserialize,3527,0
mult,2.03823e+06,0
deserialize,3764,0
mult,2.08368e+06,0
deserialize,3881,0
mult,2.03728e+06,0
deserialize,3773,0
mult,2.07634e+06,0
deserialize,3823,0
mult,2.03992e+06,0
deserialize,3693,0
mult,2.0858e+06,0
deserialize,3511,0
mult,2.03708e+06,0
deserialize,3668,0
mult,2.07999e+06,0
deserialize,3843,0
mult,2.05059e+06,0
deserialize,3658,0
mult,2.07947e+06,0
deserialize,3883,0
mult,2.04503e+06,0
deserialize,3493,0
mult,2.06927e+06,0
deserialize,3749,0
mult,2.04554e+06,0
deserialize,3731,0
mult,2.07495e+06,0
deserialize,3706,0
mult,2.04544e+06,0
deserialize,3777,0
mult,2.07373e+06,0
deserialize,3355,0
mult,2.04522e+06,0
deserialize,3811,0
mult,2.07789e+06,0
deserialize,3614,0
mult,2.04412e+06,0
deserialize,3916,0
mult,2.068e+06,0
deserialize,3488,0
mult,2.04498e+06,0
deserialize,3513,0
mult,2.07864e+06,0
deserialize,3806,0
mult,2.04264e+06,0
deserialize,3709,0
mult,2.06789e+06,0
deserialize,3721,0
mult,2.04166e+06,0
deserialize,3656,0
mult,2.07466e+06,0
deserialize,3335,0
mult,2.04464e+06,0
deserialize,3623,0
mult,2.07231e+06,0
deserialize,3443,0
mult,2.04371e+06,0
wait_all,1.9596e+09,0
deserialize,7263,0
mult,2.24456e+06,0
deserialize,4435,0
mult,2.11014e+06,0
deserialize,3801,0
mult,2.12071e+06,0
deserialize,3684,0
mult,2.1194e+06,0
deserialize,3643,0
mult,2.11951e+06,0
deserialize,3504,0
mult,2.09938e+06,0
deserialize,3517,0
mult,2.11318e+06,0
deserialize,3438,0
mult,2.11553e+06,0
deserialize,3808,0
mult,2.14627e+06,0
deserialize,3607,0
mult,2.12362e+06,0
deserialize,3629,0
mult,2.11177e+06,0
deserialize,3551,0
mult,2.11562e+06,0
deserialize,3579,0
mult,2.1014e+06,0
deserialize,3661,0
mult,2.11583e+06,0
deserialize,3641,0
mult,2.11191e+06,0
deserialize,3409,0
mult,2.16107e+06,0
deserialize,3739,0
mult,2.11153e+06,0
deserialize,3826,0
mult,2.11153e+06,0
deserialize,3517,0
mult,2.10361e+06,0
deserialize,3384,0
mult,2.11766e+06,0
deserialize,3809,0
mult,2.10996e+06,0
deserialize,3530,0
mult,2.12447e+06,0
deserialize,3708,0
mult,2.10913e+06,0
deserialize,3572,0
mult,2.10952e+06,0
deserialize,3633,0
mult,2.11313e+06,0
deserialize,4068,0
mult,2.10711e+06,0
deserialize,3461,0
mult,2.11574e+06,0
deserialize,3499,0
mult,2.1157e+06,0
deserialize,3723,0
mult,2.11612e+06,0
deserialize,3688,0
mult,2.10028e+06,0
deserialize,3620,0
mult,2.11477e+06,0
deserialize,3482,0
mult,2.11179e+06,0
deserialize,3622,0
mult,2.11766e+06,0
deserialize,3430,0
mult,2.10532e+06,0
deserialize,3752,0
mult,2.11251e+06,0
deserialize,3540,0
mult,2.11403e+06,0
deserialize,3703,0
mult,2.11594e+06,0
deserialize,3851,0
mult,2.10877e+06,0
deserialize,3742,0
mult,2.11965e+06,0
deserialize,3738,0
mult,2.12477e+06,0
deserialize,3513,0
mult,2.10821e+06,0
deserialize,3472,0
mult,2.11849e+06,0
deserialize,3792,0
mult,2.10881e+06,0
deserialize,3576,0
mult,2.11644e+06,0
deserialize,3848,0
mult,2.10487e+06,0
deserialize,3493,0
mult,2.12351e+06,0
deserialize,3716,0
mult,2.10791e+06,0
deserialize,3654,0
mult,2.12026e+06,0
deserialize,3568,0
mult,2.1128e+06,0
deserialize,3542,0
mult,2.11487e+06,0
deserialize,3622,0
mult,2.10516e+06,0
deserialize,3728,0
mult,2.12448e+06,0
deserialize,3672,0
mult,2.10943e+06,0
deserialize,3549,0
mult,2.12136e+06,0
deserialize,3690,0
mult,2.11231e+06,0
deserialize,3397,0
mult,2.11659e+06,0
deserialize,3545,0
mult,2.11166e+06,0
deserialize,3621,0
mult,2.11786e+06,0
deserialize,3550,0
mult,2.11633e+06,0
deserialize,3420,0
mult,2.1139e+06,0
deserialize,3813,0
mult,2.12501e+06,0
deserialize,3460,0
mult,2.11084e+06,0
deserialize,3805,0
mult,2.11027e+06,0
deserialize,3545,0
mult,2.11934e+06,0
deserialize,3589,0
mult,2.11797e+06,0
deserialize,3817,0
mult,2.11287e+06,0
deserialize,3606,0
mult,2.12051e+06,0
deserialize,3481,0
mult,2.11073e+06,0
deserialize,3531,0
mult,2.11433e+06,0
deserialize,3373,0
mult,2.1179e+06,0
deserialize,3462,0
mult,2.11684e+06,0
deserialize,3558,0
mult,2.11105e+06,0
deserialize,3661,0
mult,2.12044e+06,0
deserialize,3733,0
mult,2.11753e+06,0
deserialize,3696,0
mult,2.11094e+06,0
deserialize,3904,0
mult,2.123e+06,0
deserialize,3680,0
mult,2.11271e+06,0
deserialize,3610,0
mult,2.1145e+06,0
deserialize,3693,0
mult,2.11406e+06,0
deserialize,3383,0
mult,2.11861e+06,0
deserialize,3586,0
mult,2.11128e+06,0
deserialize,3665,0
mult,2.12144e+06,0
deserialize,3829,0
mult,2.10921e+06,0
deserialize,3381,0
mult,2.11574e+06,0
deserialize,3759,0
mult,2.11384e+06,0
deserialize,3631,0
mult,2.11645e+06,0
deserialize,3816,0
mult,2.11402e+06,0
deserialize,3553,0
mult,2.11908e+06,0
deserialize,3561,0
mult,2.11131e+06,0
deserialize,3743,0
mult,2.11232e+06,0
deserialize,3654,0
mult,2.11842e+06,0
deserialize,3578,0
mult,2.115e+06,0
deserialize,3568,0
mult,2.11757e+06,0
deserialize,3633,0
mult,2.115e+06,0
deserialize,3591,0
mult,2.11272e+06,0
deserialize,3750,0
mult,2.10826e+06,0
deserialize,3576,0
mult,2.12011e+06,0
deserialize,3499,0
mult,2.11393e+06,0
deserialize,3942,0
mult,2.12256e+06,0
deserialize,3545,0
mult,2.11038e+06,0
deserialize,3575,0
mult,2.11212e+06,0
deserialize,3574,0
mult,2.10551e+06,0
deserialize,3713,0
mult,2.11923e+06,0
deserialize,3556,0
mult,2.11174e+06,0
deserialize,3617,0
mult,2.1211e+06,0
deserialize,3654,0
mult,2.1163e+06,0
deserialize,3603,0
mult,2.10729e+06,0
deserialize,3464,0
mult,2.11149e+06,0
deserialize,3538,0
mult,2.11756e+06,0
deserialize,3397,0
mult,2.11803e+06,0
deserialize,3573,0
mult,2.11302e+06,0
deserialize,3474,0
mult,2.11539e+06,0
deserialize,3716,0
mult,2.10837e+06,0
deserialize,3445,0
mult,2.1123e+06,0
deserialize,3811,0
mult,2.11738e+06,0
deserialize,3520,0
mult,2.11545e+06,0
deserialize,3659,0
mult,2.1135e+06,0
deserialize,3510,0
mult,2.11523e+06,0
deserialize,3691,0
mult,2.11125e+06,0
deserialize,3680,0
mult,2.11098e+06,0
deserialize,3344,0
mult,2.11702e+06,0
deserialize,3771,0
mult,2.1185e+06,0
deserialize,3620,0
mult,2.11767e+06,0
deserialize,3818,0
mult,2.10964e+06,0
deserialize,3569,0
mult,2.11816e+06,0
deserialize,3602,0
mult,2.10526e+06,0
deserialize,3752,0
mult,2.12012e+06,0
deserialize,3506,0
mult,2.10785e+06,0
deserialize,3311,0
mult,2.11918e+06,0
deserialize,3549,0
mult,2.10769e+06,0
deserialize,3799,0
mult,2.11882e+06,0
deserialize,3467,0
mult,2.10653e+06,0
deserialize,3610,0
mult,2.1178e+06,0
deserialize,3683,0
mult,2.10604e+06,0
deserialize,3772,0
mult,2.11645e+06,0
deserialize,3529,0
mult,2.10761e+06,0
deserialize,3518,0
mult,2.12277e+06,0
deserialize,3679,0
mult,2.1077e+06,0
deserialize,3470,0
mult,2.12214e+06,0
deserialize,3497,0
mult,2.10964e+06,0
deserialize,3625,0
mult,2.11545e+06,0
deserialize,3767,0
mult,2.11658e+06,0
deserialize,3491,0
mult,2.11604e+06,0
deserialize,3784,0
mult,2.11536e+06,0
deserialize,3998,0
mult,2.1123e+06,0
deserialize,3553,0
mult,2.10786e+06,0
deserialize,3835,0
mult,2.11471e+06,0
deserialize,3500,0
mult,2.11594e+06,0
deserialize,3625,0
mult,2.11691e+06,0
deserialize,3465,0
mult,2.11553e+06,0
deserialize,3574,0
mult,2.11412e+06,0
deserialize,3367,0
mult,2.10968e+06,0
deserialize,3990,0
mult,2.11644e+06,0
deserialize,3340,0
mult,2.11635e+06,0
deserialize,3496,0
mult,2.1135e+06,0
deserialize,3292,0
mult,2.11611e+06,0
deserialize,3603,0
mult,2.11803e+06,0
deserialize,3826,0
mult,2.10459e+06,0
deserialize,3676,0
mult,2.12064e+06,0
deserialize,3628,0
mult,2.11086e+06,0
deserialize,3695,0
mult,2.11999e+06,0
deserialize,3575,0
mult,2.10888e+06,0
deserialize,4033,0
mult,2.12022e+06,0
deserialize,3474,0
mult,2.1074e+06,0
deserialize,3593,0
mult,2.12039e+06,0
deserialize,3660,0
mult,2.11099e+06,0
deserialize,3761,0
mult,2.11826e+06,0
deserialize,3628,0
mult,2.10788e+06,0
deserialize,3788,0
mult,2.11979e+06,0
deserialize,3647,0
mult,2.11126e+06,0
deserialize,3802,0
mult,2.12127e+06,0
deserialize,3535,0
mult,2.11136e+06,0
deserialize,3565,0
mult,2.11786e+06,0
deserialize,3630,0
mult,2.11413e+06,0
deserialize,3492,0
mult,2.11538e+06,0
deserialize,3291,0
mult,2.11686e+06,0
deserialize,3662,0
mult,2.11564e+06,0
deserialize,3725,0
mult,2.11694e+06,0
deserialize,3498,0
mult,2.11037e+06,0
deserialize,3592,0
mult,2.11287e+06,0
deserialize,3663,0
mult,2.1175e+06,0
deserialize,3577,0
mult,2.12068e+06,0
deserialize,3489,0
mult,2.11089e+06,0
deserialize,3656,0
mult,2.11681e+06,0
deserialize,3893,0
mult,2.10884e+06,0
deserialize,3476,0
mult,2.11357e+06,0
deserialize,3650,0
mult,2.11625e+06,0
deserialize,3377,0
mult,2.11823e+06,0
deserialize,3543,0
mult,2.11445e+06,0
deserialize,3554,0
mult,2.11583e+06,0
deserialize,3487,0
mult,2.11389e+06,0
deserialize,3494,0
mult,2.10822e+06,0
deserialize,3816,0
mult,2.12216e+06,0
deserialize,3372,0
mult,2.11562e+06,0
deserialize,3492,0
mult,2.11337e+06,0
deserialize,3498,0
mult,2.11028e+06,0
deserialize,3619,0
mult,2.11377e+06,0
deserialize,3509,0
mult,2.10686e+06,0
deserialize,3517,0
mult,2.12055e+06,0
deserialize,3471,0
mult,2.11021e+06,0
deserialize,3438,0
mult,2.11897e+06,0
deserialize,3750,0
mult,2.11604e+06,0
deserialize,3564,0
mult,2.12085e+06,0
deserialize,3729,0
mult,2.11144e+06,0
deserialize,3794,0
mult,2.11937e+06,0
deserialize,3416,0
mult,2.113e+06,0
deserialize,3582,0
mult,2.11357e+06,0
deserialize,3751,0
mult,2.12065e+06,0
deserialize,3620,0
mult,2.11636e+06,0
deserialize,4003,0
mult,2.12356e+06,0
deserialize,3752,0
mult,2.11049e+06,0
deserialize,3763,0
mult,2.12071e+06,0
deserialize,3930,0
mult,2.11315e+06,0
deserialize,3619,0
mult,1.00709e+07,0
deserialize,21292,0
mult,7.26804e+07,0
deserialize,6561,0
mult,5.93604e+07,0
deserialize,5675,0
mult,5.92777e+07,0
deserialize,22660,0
mult,2.52429e+07,0
deserialize,6917,0
mult,4.29062e+06,0
deserialize,4396,0
mult,2.27781e+06,0
deserialize,4264,0
mult,2.12777e+06,0
deserialize,4216,0
mult,2.25798e+06,0
deserialize,4453,0
mult,2.11277e+06,0
deserialize,4008,0
mult,2.258e+06,0
deserialize,4292,0
mult,2.0921e+06,0
deserialize,3738,0
mult,2.19767e+06,0
deserialize,3562,0
mult,1.97715e+06,0
deserialize,3722,0
mult,2.13976e+06,0
deserialize,3687,0
mult,1.96172e+06,0
deserialize,3800,0
mult,2.13288e+06,0
deserialize,3540,0
mult,2.09057e+06,0
deserialize,4312,0
mult,2.26289e+06,0
deserialize,4317,0
mult,2.13403e+06,0
deserialize,4708,0
mult,2.25393e+06,0
deserialize,4177,0
mult,2.12789e+06,0
deserialize,4513,0
mult,2.25665e+06,0
deserialize,4274,0
mult,2.14124e+06,0
deserialize,4449,0
mult,2.25884e+06,0
deserialize,4495,0
mult,2.13482e+06,0
deserialize,4395,0
mult,2.2508e+06,0
deserialize,4160,0
mult,2.12134e+06,0
deserialize,4291,0
mult,2.25813e+06,0
deserialize,4234,0
mult,2.13504e+06,0
deserialize,3780,0
mult,2.26144e+06,0
deserialize,3706,0
mult,2.12259e+06,0
deserialize,3624,0
mult,2.25291e+06,0
deserialize,3558,0
mult,2.11238e+06,0
deserialize,3755,0
mult,2.25844e+06,0
deserialize,3523,0
mult,2.13099e+06,0
deserialize,3504,0
mult,2.25721e+06,0
deserialize,3520,0
mult,2.12153e+06,0
deserialize,3801,0
mult,2.25122e+06,0
deserialize,3610,0
mult,2.11146e+06,0
deserialize,3532,0
mult,2.25512e+06,0
deserialize,3650,0
mult,2.13289e+06,0
deserialize,3490,0
mult,2.25104e+06,0
wait_all,1.96729e+09,0
deserialize,7722,0
mult,2.22472e+06,0
deserialize,3989,0
mult,2.15474e+06,0
deserialize,3747,0
mult,2.11818e+06,0
deserialize,3688,0
mult,2.17124e+06,0
deserialize,3786,0
mult,2.13016e+06,0
deserialize,3889,0
mult,2.13636e+06,0
deserialize,3682,0
mult,2.10771e+06,0
deserialize,3631,0
mult,2.17868e+06,0
deserialize,3760,0
mult,2.11771e+06,0
deserialize,3646,0
mult,2.14132e+06,0
deserialize,3601,0
mult,2.12567e+06,0
deserialize,3752,0
mult,2.16464e+06,0
deserialize,3780,0
mult,2.10871e+06,0
deserialize,3900,0
mult,2.15508e+06,0
deserialize,3680,0
mult,2.11566e+06,0
deserialize,3584,0
mult,2.17019e+06,0
deserialize,3606,0
mult,2.13514e+06,0
deserialize,3906,0
mult,2.12687e+06,0
deserialize,3690,0
mult,2.11582e+06,0
deserialize,3669,0
mult,2.17478e+06,0
deserialize,3654,0
mult,2.12308e+06,0
deserialize,3783,0
mult,2.13044e+06,0
deserialize,3667,0
mult,2.12925e+06,0
deserialize,3675,0
mult,2.16081e+06,0
deserialize,3547,0
mult,2.11551e+06,0
deserialize,3807,0
mult,2.14921e+06,0
deserialize,3757,0
mult,2.12064e+06,0
deserialize,3791,0
mult,2.16321e+06,0
deserialize,3920,0
mult,2.13088e+06,0
deserialize,3701,0
mult,2.13981e+06,0
deserialize,3954,0
mult,2.10788e+06,0
deserialize,3875,0
mult,2.17996e+06,0
deserialize,3524,0
mult,2.112e+06,0
deserialize,3757,0
mult,2.13487e+06,0
deserialize,3501,0
mult,2.12412e+06,0
deserialize,3856,0
mult,2.17117e+06,0
deserialize,3597,0
mult,2.10856e+06,0
deserialize,3922,0
mult,2.15091e+06,0
deserialize,3473,0
mult,2.1113e+06,0
deserialize,4064,0
mult,2.16864e+06,0
deserialize,3687,0
mult,2.12369e+06,0
deserialize,3600,0
mult,2.14281e+06,0
deserialize,3956,0
mult,2.10895e+06,0
deserialize,3854,0
mult,2.1767e+06,0
deserialize,3527,0
mult,2.11466e+06,0
deserialize,3616,0
mult,2.12824e+06,0
deserialize,3773,0
mult,2.12956e+06,0
deserialize,3693,0
mult,2.16608e+06,0
deserialize,3741,0
mult,2.11872e+06,0
deserialize,3798,0
mult,2.14247e+06,0
deserialize,3525,0
mult,2.11286e+06,0
deserialize,3649,0
mult,2.16246e+06,0
deserialize,3447,0
mult,2.13259e+06,0
deserialize,3967,0
mult,2.13756e+06,0
deserialize,3853,0
mult,2.1177e+06,0
deserialize,3817,0
mult,2.17101e+06,0
deserialize,3702,0
mult,2.11465e+06,0
deserialize,3631,0
mult,2.1359e+06,0
deserialize,3769,0
mult,2.12563e+06,0
deserialize,3524,0
mult,2.17655e+06,0
deserialize,3663,0
mult,2.11098e+06,0
deserialize,3826,0
mult,2.14739e+06,0
deserialize,3571,0
mult,2.10694e+06,0
deserialize,3633,0
mult,2.16802e+06,0
deserialize,3734,0
mult,2.12654e+06,0
deserialize,3967,0
mult,2.14155e+06,0
deserialize,3814,0
mult,2.11063e+06,0
deserialize,3770,0
mult,2.17978e+06,0
deserialize,3547,0
mult,2.112e+06,0
deserialize,3812,0
mult,2.13523e+06,0
deserialize,3419,0
mult,2.12654e+06,0
deserialize,3713,0
mult,2.17205e+06,0
deserialize,3496,0
mult,2.11567e+06,0
deserialize,4006,0
mult,2.14282e+06,0
deserialize,3666,0
mult,2.12091e+06,0
deserialize,4067,0
mult,2.16268e+06,0
deserialize,3532,0
mult,2.1314e+06,0
deserialize,3774,0
mult,2.13271e+06,0
deserialize,3766,0
mult,2.11495e+06,0
deserialize,3507,0
mult,2.17276e+06,0
deserialize,3796,0
mult,2.12172e+06,0
deserialize,3724,0
mult,2.12786e+06,0
deserialize,3667,0
mult,2.13238e+06,0
deserialize,3929,0
mult,2.16007e+06,0
deserialize,3560,0
mult,2.11674e+06,0
deserialize,3799,0
mult,2.14889e+06,0
deserialize,3624,0
mult,2.11962e+06,0
deserialize,4072,0
mult,2.17013e+06,0
deserialize,3626,0
mult,2.12561e+06,0
deserialize,3782,0
mult,2.1333e+06,0
deserialize,3721,0
mult,2.10862e+06,0
deserialize,3604,0
mult,2.18271e+06,0
deserialize,3531,0
mult,2.11892e+06,0
deserialize,3838,0
mult,2.13484e+06,0
deserialize,3596,0
mult,2.12394e+06,0
deserialize,3620,0
mult,2.16528e+06,0
deserialize,3766,0
mult,2.11037e+06,0
deserialize,3812,0
mult,2.15245e+06,0
deserialize,3547,0
mult,2.11898e+06,0
deserialize,3609,0
mult,2.16476e+06,0
deserialize,3472,0
mult,2.12876e+06,0
deserialize,4018,0
mult,2.12674e+06,0
deserialize,3649,0
mult,2.1178e+06,0
deserialize,3664,0
mult,2.17439e+06,0
deserialize,3683,0
mult,2.12336e+06,0
deserialize,3781,0
mult,2.12526e+06,0
deserialize,3462,0
mult,2.12962e+06,0
deserialize,3698,0
mult,2.16072e+06,0
deserialize,3549,0
mult,2.11957e+06,0
deserialize,3694,0
mult,2.1443e+06,0
deserialize,3635,0
mult,2.1227e+06,0
deserialize,3917,0
mult,2.15816e+06,0
deserialize,3685,0
mult,2.13114e+06,0
deserialize,3610,0
mult,2.13477e+06,0
deserialize,4024,0
mult,2.11255e+06,0
deserialize,3833,0
mult,2.17939e+06,0
deserialize,3677,0
mult,2.1185e+06,0
deserialize,3652,0
mult,2.13055e+06,0
deserialize,3673,0
mult,2.1261e+06,0
deserialize,3705,0
mult,2.17018e+06,0
deserialize,3958,0
mult,2.11132e+06,0
deserialize,3650,0
mult,2.14626e+06,0
deserialize,3813,0
mult,2.11707e+06,0
deserialize,3575,0
mult,2.16445e+06,0
deserialize,3829,0
mult,2.12943e+06,0
deserialize,3664,0
mult,2.13674e+06,0
deserialize,3715,0
mult,2.11324e+06,0
deserialize,3743,0
mult,2.17601e+06,0
deserialize,3504,0
mult,2.12276e+06,0
deserialize,3943,0
mult,2.12318e+06,0
deserialize,3764,0
mult,2.13548e+06,0
deserialize,3664,0
mult,2.16333e+06,0
deserialize,3600,0
mult,2.11575e+06,0
deserialize,3669,0
mult,2.13754e+06,0
deserialize,3520,0
mult,2.12045e+06,0
deserialize,3700,0
mult,2.15915e+06,0
deserialize,3524,0
mult,2.13856e+06,0
deserialize,3704,0
mult,2.13306e+06,0
deserialize,3570,0
mult,2.11737e+06,0
deserialize,3679,0
mult,2.16878e+06,0
deserialize,3640,0
mult,2.12505e+06,0
deserialize,3690,0
mult,2.13122e+06,0
deserialize,3608,0
mult,2.13262e+06,0
deserialize,3676,0
mult,2.1693e+06,0
deserialize,3780,0
mult,2.10818e+06,0
deserialize,3525,0
mult,2.13976e+06,0
deserialize,3578,0
mult,2.11874e+06,0
deserialize,3597,0
mult,2.16464e+06,0
deserialize,3612,0
mult,2.13165e+06,0
deserialize,3569,0
mult,2.13853e+06,0
deserialize,3809,0
mult,2.11041e+06,0
deserialize,3609,0
mult,2.17462e+06,0
deserialize,3542,0
mult,2.12118e+06,0
deserialize,3478,0
mult,2.13118e+06,0
deserialize,3564,0
mult,2.13282e+06,0
deserialize,3623,0
mult,2.17218e+06,0
deserialize,3550,0
mult,2.11592e+06,0
deserialize,3668,0
mult,2.1379e+06,0
deserialize,3660,0
mult,2.12463e+06,0
deserialize,3781,0
mult,2.15866e+06,0
deserialize,3831,0
mult,2.13518e+06,0
deserialize,3964,0
mult,2.13419e+06,0
deserialize,3745,0
mult,2.11905e+06,0
deserialize,4126,0
mult,2.17233e+06,0
deserialize,3502,0
mult,2.12447e+06,0
deserialize,3683,0
mult,2.12606e+06,0
deserialize,3544,0
mult,2.13317e+06,0
deserialize,3968,0
mult,2.1629e+06,0
deserialize,3732,0
mult,2.11696e+06,0
deserialize,3656,0
mult,2.15102e+06,0
deserialize,3596,0
mult,2.11665e+06,0
deserialize,3787,0
mult,2.16374e+06,0
deserialize,3723,0
mult,2.12857e+06,0
deserialize,3730,0
mult,2.1418e+06,0
deserialize,3959,0
mult,2.11423e+06,0
deserialize,3774,0
mult,2.18288e+06,0
deserialize,3789,0
mult,2.11975e+06,0
deserialize,4057,0
mult,2.13235e+06,0
deserialize,3433,0
mult,2.125e+06,0
deserialize,3590,0
mult,2.17095e+06,0
deserialize,3583,0
mult,2.11525e+06,0
deserialize,3803,0
mult,2.15659e+06,0
deserialize,3527,0
mult,2.11643e+06,0
deserialize,3528,0
mult,2.16254e+06,0
deserialize,3728,0
mult,2.13082e+06,0
deserialize,3983,0
mult,2.13455e+06,0
deserialize,3738,0
mult,2.12146e+06,0
deserialize,3622,0
mult,2.17613e+06,0
deserialize,3854,0
mult,2.12319e+06,0
deserialize,3704,0
mult,2.12455e+06,0
deserialize,3649,0
mult,2.129e+06,0
deserialize,3765,0
mult,2.16357e+06,0
deserialize,3621,0
mult,2.11958e+06,0
deserialize,3796,0
mult,2.15198e+06,0
deserialize,3802,0
mult,2.11814e+06,0
deserialize,3886,0
mult,2.15515e+06,0
deserialize,3673,0
mult,2.1283e+06,0
deserialize,3670,0
mult,2.14092e+06,0
deserialize,3839,0
mult,2.11302e+06,0
deserialize,3657,0
mult,2.18251e+06,0
deserialize,3709,0
mult,2.1198e+06,0
deserialize,3597,0
mult,2.13872e+06,0
deserialize,3730,0
mult,2.13311e+06,0
deserialize,3888,0
mult,2.17089e+06,0
deserialize,3560,0
mult,2.11114e+06,0
deserialize,3683,0
mult,2.14658e+06,0
deserialize,3612,0
mult,2.11735e+06,0
deserialize,3665,0
mult,2.16624e+06,0
deserialize,3657,0
mult,2.145e+06,0
deserialize,4077,0
mult,2.12142e+06,0
deserialize,3550,0
mult,2.0938e+06,0
deserialize,4593,0
mult,2.19047e+06,0
deserialize,4439,0
mult,2.1321e+06,0
deserialize,4862,0
mult,1.0053e+07,0
deserialize,5240,0
mult,7.26051e+07,0
deserialize,6697,0
mult,6.10244e+07,0
deserialize,5716,0
mult,5.90408e+07,0
deserialize,22078,0
mult,2.51486e+07,0
deserialize,6061,0
mult,4.43784e+06,0
deserialize,4130,0
mult,2.24567e+06,0
deserialize,3780,0
mult,2.32506e+06,0
deserialize,3613,0
mult,2.23358e+06,0
deserialize,3857,0
mult,2.3876e+06,0
deserialize,3951,0
mult,2.24002e+06,0
deserialize,3866,0
mult,2.31215e+06,0
deserialize,3643,0
mult,2.23457e+06,0
deserialize,3757,0
mult,2.38176e+06,0
deserialize,3512,0
mult,2.23994e+06,0
deserialize,3924,0
mult,2.31174e+06,0
deserialize,3594,0
mult,2.23364e+06,0
deserialize,3709,0
mult,2.38321e+06,0
deserialize,3823,0
mult,2.23194e+06,0
deserialize,3814,0
mult,2.31961e+06,0
deserialize,3778,0
mult,2.2306e+06,0
deserialize,3654,0
mult,2.38938e+06,0
deserialize,3520,0
mult,2.23519e+06,0
deserialize,3604,0
mult,2.32119e+06,0
deserialize,3508,0
mult,2.2405e+06,0
deserialize,3668,0
mult,2.37822e+06,0
deserialize,3585,0
mult,2.23572e+06,0
deserialize,3687,0
mult,2.31103e+06,0
deserialize,3752,0
mult,2.23973e+06,0
deserialize,3930,0
mult,2.38253e+06,0
deserialize,3774,0
mult,2.2391e+06,0
deserialize,4402,0
mult,2.31316e+06,0
deserialize,4408,0
mult,2.07125e+06,0
deserialize,4063,0
mult,2.25944e+06,0
deserialize,4546,0
mult,2.08214e+06,0
deserialize,4056,0
mult,2.20266e+06,0
deserialize,4007,0
mult,2.07498e+06,0
deserialize,4139,0
mult,2.26152e+06,0
deserialize,4246,0
mult,2.07107e+06,0
deserialize,4137,0
mult,2.19754e+06,0
deserialize,4328,0
mult,2.07778e+06,0
deserialize,4398,0
mult,2.26319e+06,0
deserialize,4091,0
mult,2.12073e+06,0
wait_all,2.01281e+09,0
deserialize,7196,0
mult,2.17713e+06,0
deserialize,4630,0
mult,2.05551e+06,0
deserialize,3513,0
mult,2.04708e+06,0
deserialize,3796,0
mult,2.03831e+06,0
deserialize,3664,0
mult,2.06215e+06,0
deserialize,3784,0
mult,2.03447e+06,0
deserialize,3621,0
mult,2.06895e+06,0
deserialize,3536,0
mult,2.03535e+06,0
deserialize,3820,0
mult,2.05731e+06,0
deserialize,3433,0
mult,2.03758e+06,0
deserialize,3587,0
mult,2.04726e+06,0
deserialize,3759,0
mult,2.04619e+06,0
deserialize,3697,0
mult,2.0554e+06,0
deserialize,3801,0
mult,2.03676e+06,0
deserialize,3375,0
mult,2.04819e+06,0
deserialize,3481,0
mult,2.03654e+06,0
deserialize,3438,0
mult,2.05837e+06,0
deserialize,3833,0
mult,2.03392e+06,0
deserialize,3706,0
mult,2.05132e+06,0
deserialize,3630,0
mult,2.03494e+06,0
deserialize,3577,0
mult,2.0529e+06,0
deserialize,3758,0
mult,2.04441e+06,0
deserialize,3550,0
mult,2.04505e+06,0
deserialize,3510,0
mult,2.03654e+06,0
deserialize,3507,0
mult,2.06619e+06,0
deserialize,3725,0
mult,2.03773e+06,0
deserialize,3435,0
mult,2.064e+06,0
deserialize,3435,0
mult,2.03574e+06,0
deserialize,3581,0
mult,2.05631e+06,0
deserialize,3609,0
mult,2.0377e+06,0
deserialize,3537,0
mult,2.04465e+06,0
deserialize,3764,0
mult,2.04617e+06,0
deserialize,3714,0
mult,2.04832e+06,0
deserialize,3537,0
mult,2.03764e+06,0
deserialize,3405,0
mult,2.0469e+06,0
deserialize,3753,0
mult,2.03678e+06,0
deserialize,3887,0
mult,2.05986e+06,0
deserialize,3850,0
mult,2.03557e+06,0
deserialize,3604,0
mult,2.04776e+06,0
deserialize,3796,0
mult,2.0428e+06,0
deserialize,3771,0
mult,2.04461e+06,0
deserialize,3574,0
mult,2.05314e+06,0
deserialize,3653,0
mult,2.04183e+06,0
deserialize,3542,0
mult,2.0427e+06,0
deserialize,3504,0
mult,2.05212e+06,0
deserialize,3687,0
mult,2.0437e+06,0
deserialize,3630,0
mult,2.05757e+06,0
deserialize,3476,0
mult,2.04132e+06,0
deserialize,3736,0
mult,2.04838e+06,0
deserialize,3587,0
mult,2.0432e+06,0
deserialize,3597,0
mult,2.0411e+06,0
deserialize,3508,0
mult,2.0522e+06,0
deserialize,3477,0
mult,2.04687e+06,0
deserialize,3630,0
mult,2.04474e+06,0
deserialize,3592,0
mult,2.03992e+06,0
deserialize,3487,0
mult,2.04203e+06,0
deserialize,3699,0
mult,2.05536e+06,0
deserialize,3615,0
mult,2.04235e+06,0
deserialize,3656,0
mult,2.04307e+06,0
deserialize,3436,0
mult,2.04326e+06,0
deserialize,3735,0
mult,2.04514e+06,0
deserialize,3754,0
mult,2.05471e+06,0
deserialize,3623,0
mult,2.03931e+06,0
deserialize,3400,0
mult,2.04325e+06,0
deserialize,3464,0
mult,2.05295e+06,0
deserialize,3592,0
mult,2.04409e+06,0
deserialize,3571,0
mult,2.06505e+06,0
deserialize,3785,0
mult,2.0419e+06,0
deserialize,3659,0
mult,2.04642e+06,0
deserialize,3651,0
mult,2.04502e+06,0
deserialize,3593,0
mult,2.0387e+06,0
deserialize,3354,0
mult,2.05239e+06,0
deserialize,3756,0
mult,2.04531e+06,0
deserialize,3894,0
mult,2.0412e+06,0
deserialize,3637,0
mult,2.0411e+06,0
deserialize,3395,0
mult,2.04075e+06,0
deserialize,3443,0
mult,2.05133e+06,0
deserialize,3590,0
mult,2.04086e+06,0
deserialize,3688,0
mult,2.04539e+06,0
deserialize,3825,0
mult,2.0382e+06,0
deserialize,3557,0
mult,2.05056e+06,0
deserialize,3867,0
mult,2.04353e+06,0
deserialize,3662,0
mult,2.04602e+06,0
deserialize,3311,0
mult,2.03754e+06,0
deserialize,3860,0
mult,2.05655e+06,0
deserialize,3604,0
mult,2.03577e+06,0
deserialize,3367,0
mult,2.06306e+06,0
deserialize,3776,0
mult,2.0351e+06,0
deserialize,3724,0
mult,2.06169e+06,0
deserialize,3872,0
mult,2.03857e+06,0
deserialize,3590,0
mult,2.04188e+06,0
deserialize,3646,0
mult,2.04583e+06,0
deserialize,3683,0
mult,2.05135e+06,0
deserialize,3450,0
mult,2.03534e+06,0
deserialize,3814,0
mult,2.04451e+06,0
deserialize,3575,0
mult,2.03566e+06,0
deserialize,3475,0
mult,2.05952e+06,0
deserialize,3818,0
mult,2.03418e+06,0
deserialize,3507,0
mult,2.04887e+06,0
deserialize,3539,0
mult,2.03643e+06,0
deserialize,3676,0
mult,2.0548e+06,0
deserialize,3454,0
mult,2.04997e+06,0
deserialize,3469,0
mult,2.04261e+06,0
deserialize,3441,0
mult,2.03689e+06,0
deserialize,3457,0
mult,2.05484e+06,0
deserialize,3648,0
mult,2.03595e+06,0
deserialize,3306,0
mult,2.06608e+06,0
deserialize,3547,0
mult,2.03399e+06,0
deserialize,3590,0
mult,2.05414e+06,0
deserialize,3737,0
mult,2.03795e+06,0
deserialize,3438,0
mult,2.04515e+06,0
deserialize,3520,0
mult,2.04154e+06,0
deserialize,3569,0
mult,2.05404e+06,0
deserialize,3525,0
mult,2.03767e+06,0
deserialize,3530,0
mult,2.04212e+06,0
deserialize,3820,0
mult,2.035e+06,0
deserialize,3439,0
mult,2.05279e+06,0
deserialize,3500,0
mult,2.04066e+06,0
deserialize,3756,0
mult,2.04187e+06,0
deserialize,3473,0
mult,2.04455e+06,0
deserialize,3718,0
mult,2.04381e+06,0
deserialize,3730,0
mult,2.05108e+06,0
deserialize,3473,0
mult,2.03823e+06,0
deserialize,3481,0
mult,2.04659e+06,0
deserialize,3617,0
mult,2.05242e+06,0
deserialize,3547,0
mult,2.04281e+06,0
deserialize,3567,0
mult,2.05466e+06,0
deserialize,3559,0
mult,2.04242e+06,0
deserialize,3467,0
mult,2.04686e+06,0
deserialize,3473,0
mult,2.04385e+06,0
deserialize,3793,0
mult,2.03621e+06,0
deserialize,3524,0
mult,2.05469e+06,0
deserialize,3550,0
mult,2.04369e+06,0
deserialize,3836,0
mult,2.04304e+06,0
deserialize,3632,0
mult,2.03786e+06,0
deserialize,3741,0
mult,2.04068e+06,0
deserialize,3650,0
mult,2.04974e+06,0
deserialize,3747,0
mult,2.04081e+06,0
deserialize,3685,0
mult,2.0393e+06,0
deserialize,3725,0
mult,2.0462e+06,0
deserialize,3416,0
mult,2.04419e+06,0
deserialize,3534,0
mult,2.04909e+06,0
deserialize,3549,0
mult,2.03671e+06,0
deserialize,3680,0
mult,2.04339e+06,0
deserialize,3773,0
mult,2.04801e+06,0
deserialize,3561,0
mult,2.04217e+06,0
deserialize,3785,0
mult,2.05654e+06,0
deserialize,3484,0
mult,2.04053e+06,0
deserialize,3934,0
mult,2.04898e+06,0
deserialize,3736,0
mult,2.04459e+06,0
deserialize,3548,0
mult,2.03647e+06,0
deserialize,3636,0
mult,2.05658e+06,0
deserialize,3460,0
mult,2.04644e+06,0
deserialize,3469,0
mult,2.0421e+06,0
deserialize,3534,0
mult,2.03835e+06,0
deserialize,3252,0
mult,2.04073e+06,0
deserialize,3846,0
mult,2.05658e+06,0
deserialize,3895,0
mult,2.03743e+06,0
deserialize,3400,0
mult,2.04648e+06,0
deserialize,3541,0
mult,2.03811e+06,0
deserialize,3660,0
mult,2.0501e+06,0
deserialize,3758,0
mult,2.05067e+06,0
deserialize,3599,0
mult,2.04563e+06,0
deserialize,3788,0
mult,2.0373e+06,0
deserialize,3690,0
mult,2.05807e+06,0
deserialize,3618,0
mult,2.03686e+06,0
deserialize,3502,0
mult,2.06349e+06,0
deserialize,3596,0
mult,2.03591e+06,0
deserialize,3731,0
mult,2.05224e+06,0
deserialize,3761,0
mult,2.03888e+06,0
deserialize,3607,0
mult,2.05504e+06,0
deserialize,3390,0
mult,2.04731e+06,0
deserialize,3487,0
mult,2.05267e+06,0
deserialize,3619,0
mult,2.03671e+06,0
deserialize,3679,0
mult,2.04578e+06,0
deserialize,3576,0
mult,2.03668e+06,0
deserialize,3500,0
mult,2.05335e+06,0
deserialize,3913,0
mult,2.03457e+06,0
deserialize,3402,0
mult,2.04683e+06,0
deserialize,3564,0
mult,2.03695e+06,0
deserialize,3614,0
mult,2.04948e+06,0
deserialize,3828,0
mult,2.04363e+06,0
deserialize,3471,0
mult,2.04773e+06,0
deserialize,3619,0
mult,2.03686e+06,0
deserialize,3662,0
mult,2.06381e+06,0
deserialize,3722,0
mult,2.03601e+06,0
deserialize,3548,0
mult,2.0658e+06,0
deserialize,3633,0
mult,2.03504e+06,0
deserialize,3561,0
mult,2.05483e+06,0
deserialize,3705,0
mult,2.03812e+06,0
deserialize,3496,0
mult,2.04388e+06,0
deserialize,3333,0
mult,2.04871e+06,0
deserialize,3606,0
mult,2.04867e+06,0
deserialize,3584,0
mult,2.03856e+06,0
deserialize,3412,0
mult,2.04754e+06,0
deserialize,3786,0
mult,2.03338e+06,0
deserialize,3687,0
mult,2.05662e+06,0
deserialize,3793,0
mult,2.04402e+06,0
deserialize,3367,0
mult,2.04126e+06,0
deserialize,3472,0
mult,2.04448e+06,0
deserialize,3535,0
mult,2.04779e+06,0
deserialize,3967,0
mult,2.06343e+06,0
deserialize,3995,0
mult,2.03734e+06,0
deserialize,3595,0
mult,2.04502e+06,0
deserialize,3622,0
mult,2.05197e+06,0
deserialize,3449,0
mult,2.04122e+06,0
deserialize,3666,0
mult,2.05304e+06,0
deserialize,3692,0
mult,2.04341e+06,0
deserialize,3507,0
mult,2.0443e+06,0
deserialize,3736,0
mult,2.04663e+06,0
deserialize,3969,0
mult,2.03881e+06,0
deserialize,4200,0
mult,2.05041e+06,0
deserialize,3632,0
mult,2.04625e+06,0
deserialize,3649,0
mult,1.00176e+07,0
deserialize,21268,0
mult,7.2744e+07,0
deserialize,7158,0
mult,5.97511e+07,0
deserialize,22168,0
mult,5.88077e+07,0
deserialize,20714,0
mult,2.4683e+07,0
deserialize,7435,0
mult,4.22108e+06,0
deserialize,4077,0
mult,2.07398e+06,0
deserialize,4500,0
mult,2.05298e+06,0
deserialize,4441,0
mult,2.08053e+06,0
deserialize,4411,0
mult,2.04956e+06,0
deserialize,4439,0
mult,2.08704e+06,0
deserialize,4473,0
mult,2.05147e+06,0
deserialize,4536,0
mult,2.07759e+06,0
deserialize,4433,0
mult,2.05113e+06,0
deserialize,4160,0
mult,2.06821e+06,0
deserialize,4775,0
mult,2.04752e+06,0
deserialize,4293,0
mult,2.08294e+06,0
deserialize,3781,0
mult,2.04253e+06,0
deserialize,3513,0
mult,2.0742e+06,0
deserialize,3723,0
mult,2.0412e+06,0
deserialize,3600,0
mult,2.07346e+06,0
deserialize,3490,0
mult,2.03728e+06,0
deserialize,3389,0
mult,2.08038e+06,0
deserialize,3750,0
mult,2.04094e+06,0
deserialize,3370,0
mult,2.07137e+06,0
deserialize,3603,0
mult,2.04189e+06,0
deserialize,3541,0
mult,2.07246e+06,0
deserialize,3818,0
mult,2.03909e+06,0
deserialize,3617,0
mult,2.07949e+06,0
deserialize,3695,0
mult,2.04058e+06,0
deserialize,3667,0
mult,2.07062e+06,0
deserialize,3789,0
mult,2.04231e+06,0
deserialize,3430,0
mult,2.07273e+06,0
deserialize,3583,0
mult,2.03836e+06,0
deserialize,3455,0
mult,2.08076e+06,0
deserialize,3450,0
mult,2.04009e+06,0
deserialize,3594,0
mult,2.06843e+06,0
deserialize,3755,0
mult,2.04108e+06,0
deserialize,3548,0
mult,2.07628e+06,0
deserialize,3850,0
mult,2.03921e+06,0
deserialize,3401,0
mult,2.08134e+06,0
deserialize,3832,0
mult,2.03933e+06,0
deserialize,3350,0
mult,2.06888e+06,0
gemm,2.75619e+09,0
wait_all,2.00576e+09,0
deserialize,6910,0
mult,4.3144e+06,0
deserialize,3333,0
mult,3.73836e+06,0
deserialize,2717,0
mult,2.05038e+06,0
deserialize,2848,0
mult,2.04375e+06,0
deserialize,2562,0
mult,2.0457e+06,0
deserialize,2375,0
mult,2.04772e+06,0
deserialize,2291,0
mult,2.04891e+06,0
deserialize,2826,0
mult,2.04702e+06,0
deserialize,2380,0
mult,2.04612e+06,0
deserialize,2140,0
mult,2.04877e+06,0
deserialize,2655,0
mult,2.04859e+06,0
deserialize,2414,0
mult,2.04906e+06,0
deserialize,2372,0
mult,2.04484e+06,0
deserialize,2377,0
mult,2.0485e+06,0
deserialize,2597,0
mult,2.05088e+06,0
deserialize,2451,0
mult,2.043e+06,0
deserialize,2443,0
mult,2.04561e+06,0
deserialize,2284,0
mult,2.04754e+06,0
deserialize,2294,0
mult,2.0487e+06,0
deserialize,2399,0
mult,2.04413e+06,0
deserialize,2319,0
mult,2.04477e+06,0
deserialize,2632,0
mult,2.04939e+06,0
deserialize,2185,0
mult,2.04796e+06,0
deserialize,2354,0
mult,2.05302e+06,0
deserialize,2622,0
mult,2.0389e+06,0
deserialize,2564,0
mult,2.05619e+06,0
deserialize,2439,0
mult,2.04292e+06,0
deserialize,2545,0
mult,2.05069e+06,0
deserialize,2884,0
mult,2.0399e+06,0
deserialize,2620,0
mult,2.0516e+06,0
deserialize,2662,0
mult,2.04157e+06,0
deserialize,2309,0
mult,2.04988e+06,0
deserialize,2427,0
mult,2.03974e+06,0
deserialize,2298,0
mult,2.05344e+06,0
deserialize,2321,0
mult,2.04286e+06,0
deserialize,2598,0
mult,2.05466e+06,0
deserialize,2412,0
mult,2.03946e+06,0
deserialize,2370,0
mult,2.05165e+06,0
deserialize,2516,0
mult,2.044e+06,0
deserialize,2549,0
mult,2.04976e+06,0
deserialize,2236,0
mult,2.03997e+06,0
deserialize,2309,0
mult,2.04912e+06,0
deserialize,2373,0
mult,2.04387e+06,0
deserialize,2477,0
mult,2.0514e+06,0
deserialize,2193,0
mult,2.0373e+06,0
deserialize,2837,0
mult,2.05312e+06,0
deserialize,2319,0
mult,2.04178e+06,0
deserialize,2456,0
mult,2.05581e+06,0
deserialize,2433,0
mult,2.03866e+06,0
deserialize,2435,0
mult,2.05518e+06,0
deserialize,2434,0
mult,2.04724e+06,0
deserialize,2800,0
mult,2.05208e+06,0
deserialize,2256,0
mult,2.03782e+06,0
deserialize,2666,0
mult,2.0491e+06,0
deserialize,2286,0
mult,2.04243e+06,0
deserialize,2496,0
mult,2.05119e+06,0
deserialize,2431,0
mult,2.03874e+06,0
deserialize,2530,0
mult,2.05311e+06,0
deserialize,2343,0
mult,2.04373e+06,0
deserialize,2501,0
mult,2.05643e+06,0
deserialize,2236,0
mult,2.03776e+06,0
deserialize,2223,0
mult,2.05775e+06,0
deserialize,2290,0
mult,2.05042e+06,0
deserialize,2757,0
mult,2.04723e+06,0
deserialize,2510,0
mult,2.04629e+06,0
deserialize,2970,0
mult,2.0444e+06,0
deserialize,2321,0
mult,2.05438e+06,0
deserialize,2726,0
mult,2.04676e+06,0
deserialize,2640,0
mult,2.04521e+06,0
deserialize,2493,0
mult,2.04588e+06,0
deserialize,2173,0
mult,2.05256e+06,0
deserialize,2456,0
mult,2.04691e+06,0
deserialize,2329,0
mult,2.04218e+06,0
deserialize,2757,0
mult,2.0505e+06,0
deserialize,2202,0
mult,2.0505e+06,0
deserialize,2496,0
mult,2.04759e+06,0
deserialize,2257,0
mult,2.0471e+06,0
deserialize,2645,0
mult,2.04461e+06,0
deserialize,2566,0
mult,2.04953e+06,0
deserialize,2564,0
mult,2.04699e+06,0
deserialize,2294,0
mult,2.04594e+06,0
deserialize,3153,0
mult,2.04545e+06,0
deserialize,2261,0
mult,2.0534e+06,0
deserialize,2493,0
mult,2.04784e+06,0
deserialize,2629,0
mult,2.04371e+06,0
deserialize,2227,0
mult,2.04898e+06,0
deserialize,2324,0
mult,2.04971e+06,0
deserialize,2337,0
mult,2.0482e+06,0
deserialize,2198,0
mult,2.04486e+06,0
deserialize,2438,0
mult,2.04518e+06,0
deserialize,2555,0
mult,2.04946e+06,0
deserialize,2319,0
mult,2.04785e+06,0
deserialize,2122,0
mult,2.04591e+06,0
deserialize,2523,0
mult,2.04579e+06,0
deserialize,2197,0
mult,2.05174e+06,0
deserialize,2507,0
mult,2.04819e+06,0
deserialize,2351,0
mult,2.04546e+06,0
deserialize,2264,0
mult,2.04965e+06,0
deserialize,2084,0
mult,2.04869e+06,0
deserialize,2640,0
mult,2.04699e+06,0
deserialize,2392,0
mult,2.04509e+06,0
deserialize,2212,0
mult,2.05254e+06,0
deserialize,2515,0
mult,2.04411e+06,0
deserialize,2196,0
mult,2.05324e+06,0
deserialize,2623,0
mult,2.04088e+06,0
deserialize,2459,0
mult,2.05309e+06,0
deserialize,2577,0
mult,2.04506e+06,0
deserialize,2573,0
mult,2.05413e+06,0
deserialize,2716,0
mult,2.03776e+06,0
deserialize,2374,0
mult,2.05321e+06,0
deserialize,2376,0
mult,2.04492e+06,0
deserialize,2377,0
mult,2.05543e+06,0
deserialize,2286,0
mult,2.04147e+06,0
deserialize,2750,0
mult,2.05625e+06,0
deserialize,2676,0
mult,2.043e+06,0
deserialize,2702,0
mult,2.05072e+06,0
deserialize,2436,0
mult,2.03924e+06,0
deserialize,2677,0
mult,2.05198e+06,0
deserialize,2350,0
mult,2.04422e+06,0
deserialize,2236,0
mult,2.05365e+06,0
deserialize,2687,0
mult,2.03871e+06,0
deserialize,2439,0
mult,2.13446e+06,0
deserialize,2485,0
mult,2.04296e+06,0
deserialize,2586,0
mult,2.0572e+06,0
deserialize,2284,0
mult,2.03838e+06,0
deserialize,2383,0
mult,2.056e+06,0
deserialize,2297,0
mult,2.04312e+06,0
deserialize,2281,0
mult,2.0502e+06,0
deserialize,2277,0
mult,2.03946e+06,0
deserialize,2208,0
mult,2.05228e+06,0
deserialize,2732,0
mult,2.04148e+06,0
deserialize,2257,0
mult,2.05428e+06,0
deserialize,2453,0
mult,2.04018e+06,0
deserialize,2305,0
mult,2.05557e+06,0
deserialize,2288,0
mult,2.04383e+06,0
deserialize,2274,0
mult,2.05402e+06,0
deserialize,2499,0
mult,2.04058e+06,0
deserialize,2477,0
mult,2.05486e+06,0
deserialize,2435,0
mult,2.04708e+06,0
deserialize,2542,0
mult,2.04632e+06,0
deserialize,2142,0
mult,2.0442e+06,0
deserialize,2569,0
mult,2.04675e+06,0
deserialize,2241,0
mult,2.04813e+06,0
deserialize,2632,0
mult,2.04635e+06,0
deserialize,2326,0
mult,2.04354e+06,0
deserialize,2481,0
mult,2.05539e+06,0
deserialize,2254,0
mult,2.04934e+06,0
deserialize,2770,0
mult,2.04691e+06,0
deserialize,2344,0
mult,2.04556e+06,0
deserialize,2543,0
mult,2.05108e+06,0
deserialize,2222,0
mult,2.04954e+06,0
deserialize,2791,0
mult,2.04606e+06,0
deserialize,2267,0
mult,2.04431e+06,0
deserialize,2615,0
mult,2.0476e+06,0
deserialize,2374,0
mult,2.0479e+06,0
deserialize,2707,0
mult,2.0461e+06,0
deserialize,2398,0
mult,2.04311e+06,0
deserialize,2349,0
mult,2.05412e+06,0
deserialize,2249,0
mult,2.04655e+06,0
deserialize,2568,0
mult,2.04723e+06,0
deserialize,2498,0
mult,2.04414e+06,0
deserialize,2479,0
mult,2.05091e+06,0
deserialize,2537,0
mult,2.04797e+06,0
deserialize,2732,0
mult,2.04511e+06,0
deserialize,2122,0
mult,2.04434e+06,0
deserialize,2208,0
mult,2.0479e+06,0
deserialize,2565,0
mult,2.04948e+06,0
deserialize,2269,0
mult,2.04748e+06,0
deserialize,2396,0
mult,2.04306e+06,0
deserialize,2193,0
mult,2.05412e+06,0
deserialize,2387,0
mult,2.04763e+06,0
deserialize,2766,0
mult,2.04793e+06,0
deserialize,2510,0
mult,2.04585e+06,0
deserialize,2534,0
mult,2.04905e+06,0
deserialize,2256,0
mult,2.04938e+06,0
deserialize,2241,0
mult,2.04552e+06,0
deserialize,2340,0
mult,2.04351e+06,0
deserialize,2694,0
mult,2.05329e+06,0
deserialize,2583,0
mult,2.04243e+06,0
deserialize,2500,0
mult,2.05247e+06,0
deserialize,2473,0
mult,2.03798e+06,0
deserialize,2287,0
mult,2.05489e+06,0
deserialize,2680,0
mult,2.0402e+06,0
deserialize,2660,0
mult,2.05568e+06,0
deserialize,2390,0
mult,2.0387e+06,0
deserialize,2389,0
mult,2.05718e+06,0
deserialize,2442,0
mult,2.04203e+06,0
deserialize,2396,0
mult,2.05367e+06,0
deserialize,2604,0
mult,2.03941e+06,0
deserialize,2392,0
mult,2.0558e+06,0
deserialize,2433,0
mult,2.04209e+06,0
deserialize,2466,0
mult,2.05068e+06,0
deserialize,2483,0
mult,2.03848e+06,0
deserialize,2443,0
mult,2.05805e+06,0
deserialize,2451,0
mult,2.04108e+06,0
deserialize,2480,0
mult,2.05457e+06,0
deserialize,2442,0
mult,2.03852e+06,0
deserialize,2649,0
mult,2.0535e+06,0
deserialize,2249,0
mult,2.04229e+06,0
deserialize,2707,0
mult,2.05556e+06,0
deserialize,2390,0
mult,2.03872e+06,0
deserialize,2425,0
mult,2.05082e+06,0
deserialize,2703,0
mult,2.0412e+06,0
deserialize,2486,0
mult,2.04936e+06,0
deserialize,2468,0
mult,2.03988e+06,0
deserialize,2193,0
mult,2.0608e+06,0
deserialize,2872,0
mult,2.04617e+06,0
deserialize,2750,0
mult,2.05628e+06,0
deserialize,2412,0
mult,2.04037e+06,0
deserialize,2455,0
mult,2.05204e+06,0
deserialize,2375,0
mult,2.04541e+06,0
deserialize,2643,0
mult,2.0526e+06,0
deserialize,2266,0
mult,2.03842e+06,0
deserialize,2719,0
mult,9.38146e+06,0
deserialize,2974,0
mult,7.35656e+07,0
deserialize,5173,0
mult,5.92009e+07,0
deserialize,4650,0
mult,6.14383e+07,0
deserialize,20226,0
mult,2.53947e+07,0
deserialize,5726,0
mult,4.53761e+06,0
deserialize,3280,0
mult,2.04004e+06,0
deserialize,2979,0
mult,2.05491e+06,0
deserialize,3023,0
mult,2.04095e+06,0
deserialize,2745,0
mult,2.06202e+06,0
deserialize,2615,0
mult,2.03934e+06,0
deserialize,2279,0
mult,2.04784e+06,0
deserialize,2361,0
mult,2.03795e+06,0
deserialize,2267,0
mult,2.05976e+06,0
deserialize,2671,0
mult,2.03783e+06,0
deserialize,2738,0
mult,2.04255e+06,0
deserialize,2497,0
mult,2.03753e+06,0
deserialize,2341,0
mult,2.05503e+06,0
deserialize,2222,0
mult,2.04657e+06,0
deserialize,2804,0
mult,2.0388e+06,0
deserialize,2480,0
mult,2.04541e+06,0
deserialize,2578,0
mult,2.05053e+06,0
deserialize,2370,0
mult,2.0444e+06,0
deserialize,2340,0
mult,2.03794e+06,0
deserialize,2445,0
mult,2.04457e+06,0
deserialize,2594,0
mult,2.04713e+06,0
deserialize,2404,0
mult,2.04218e+06,0
deserialize,2550,0
mult,2.03947e+06,0
deserialize,2573,0
mult,2.04324e+06,0
deserialize,2601,0
mult,2.05331e+06,0
deserialize,2283,0
mult,2.04429e+06,0
deserialize,2631,0
mult,2.03995e+06,0
deserialize,2538,0
mult,2.04371e+06,0
deserialize,2664,0
mult,2.05012e+06,0
deserialize,2361,0
mult,2.04821e+06,0
deserialize,2623,0
mult,2.03804e+06,0
deserialize,2383,0
mult,2.04244e+06,0
deserialize,2304,0
mult,2.04687e+06,0
deserialize,2379,0
mult,2.04538e+06,0
deserialize,2539,0
mult,2.03799e+06,0
deserialize,2457,0
mult,2.04403e+06,0
deserialize,2210,0
mult,2.05016e+06,0
deserialize,2114,0
mult,2.04466e+06,0
gemm,2.70409e+09,0
wait_all,1.9449e+09,0
deserialize,6911,0
mult,2.21685e+06,0
deserialize,2574,0
mult,2.11236e+06,0
deserialize,2513,0
mult,2.10406e+06,0
deserialize,2263,0
mult,2.10282e+06,0
deserialize,2360,0
mult,2.10906e+06,0
deserialize,2281,0
mult,2.10829e+06,0
deserialize,2591,0
mult,2.10161e+06,0
deserialize,2177,0
mult,2.09483e+06,0
deserialize,2239,0
mult,2.1065e+06,0
deserialize,2072,0
mult,2.11118e+06,0
deserialize,2097,0
mult,2.10726e+06,0
deserialize,2705,0
mult,2.09508e+06,0
deserialize,2666,0
mult,2.09858e+06,0
deserialize,2148,0
mult,2.11328e+06,0
deserialize,2434,0
mult,2.11935e+06,0
deserialize,2293,0
mult,2.10455e+06,0
deserialize,2244,0
mult,2.09905e+06,0
deserialize,2071,0
mult,2.10527e+06,0
deserialize,2349,0
mult,2.11899e+06,0
deserialize,2460,0
mult,2.09768e+06,0
deserialize,2437,0
mult,2.12151e+06,0
deserialize,2431,0
mult,2.09535e+06,0
deserialize,2228,0
mult,2.11e+06,0
deserialize,2277,0
mult,2.10336e+06,0
deserialize,2064,0
mult,2.10937e+06,0
deserialize,2412,0
mult,2.09117e+06,0
deserialize,2464,0
mult,2.11055e+06,0
deserialize,2207,0
mult,2.10411e+06,0
deserialize,2093,0
mult,2.11359e+06,0
deserialize,2103,0
mult,2.09003e+06,0
deserialize,2580,0
mult,2.1075e+06,0
deserialize,2136,0
mult,2.10685e+06,0
deserialize,2163,0
mult,2.12042e+06,0
deserialize,2064,0
mult,2.09877e+06,0
deserialize,2409,0
mult,2.10562e+06,0
deserialize,2266,0
mult,2.11813e+06,0
deserialize,2398,0
mult,2.11088e+06,0
deserialize,2163,0
mult,2.10298e+06,0
deserialize,2455,0
mult,2.09825e+06,0
deserialize,2227,0
mult,2.1008e+06,0
deserialize,2565,0
mult,2.10346e+06,0
deserialize,2164,0
mult,2.11316e+06,0
deserialize,2576,0
mult,2.10456e+06,0
deserialize,2161,0
mult,2.09501e+06,0
deserialize,2416,0
mult,2.09951e+06,0
deserialize,2086,0
mult,2.11386e+06,0
deserialize,2196,0
mult,2.10778e+06,0
deserialize,2211,0
mult,2.10208e+06,0
deserialize,2528,0
mult,2.10172e+06,0
deserialize,2122,0
mult,2.11258e+06,0
deserialize,2084,0
mult,2.11239e+06,0
deserialize,2628,0
mult,2.10572e+06,0
deserialize,2067,0
mult,2.09989e+06,0
deserialize,2289,0
mult,2.11086e+06,0
deserialize,2246,0
mult,2.11956e+06,0
deserialize,2614,0
mult,2.0958e+06,0
deserialize,2193,0
mult,2.1043e+06,0
deserialize,2392,0
mult,2.09579e+06,0
deserialize,2113,0
mult,2.11218e+06,0
deserialize,2356,0
mult,2.10903e+06,0
deserialize,2052,0
mult,2.11424e+06,0
deserialize,2301,0
mult,2.08904e+06,0
deserialize,2384,0
mult,2.10663e+06,0
deserialize,2258,0
mult,2.11233e+06,0
deserialize,2192,0
mult,2.11281e+06,0
deserialize,2088,0
mult,2.09527e+06,0
deserialize,2477,0
mult,2.10757e+06,0
deserialize,2150,0
mult,2.10749e+06,0
deserialize,2136,0
mult,2.12531e+06,0
deserialize,2148,0
mult,2.10383e+06,0
deserialize,2327,0
mult,2.10685e+06,0
deserialize,2242,0
mult,2.10452e+06,0
deserialize,2197,0
mult,2.11834e+06,0
deserialize,2158,0
mult,2.10425e+06,0
deserialize,2338,0
mult,2.1051e+06,0
deserialize,2274,0
mult,2.10346e+06,0
deserialize,2720,0
mult,2.10555e+06,0
deserialize,2226,0
mult,2.11048e+06,0
deserialize,2582,0
mult,2.10467e+06,0
deserialize,2154,0
mult,2.09776e+06,0
deserialize,2692,0
mult,2.10585e+06,0
deserialize,2238,0
mult,2.11395e+06,0
deserialize,2170,0
mult,2.10801e+06,0
deserialize,2235,0
mult,2.09356e+06,0
deserialize,2222,0
mult,2.09872e+06,0
deserialize,2247,0
mult,2.11691e+06,0
deserialize,2321,0
mult,2.12258e+06,0
deserialize,2254,0
mult,2.1059e+06,0
deserialize,2699,0
mult,2.09974e+06,0
deserialize,2116,0
mult,2.10372e+06,0
deserialize,2070,0
mult,2.11764e+06,0
deserialize,2328,0
mult,2.10154e+06,0
deserialize,2032,0
mult,2.11006e+06,0
deserialize,2520,0
mult,2.09528e+06,0
deserialize,2073,0
mult,2.11081e+06,0
deserialize,2349,0
mult,2.10266e+06,0
deserialize,2133,0
mult,2.11085e+06,0
deserialize,2387,0
mult,2.09338e+06,0
deserialize,2097,0
mult,2.11322e+06,0
deserialize,2214,0
mult,2.10308e+06,0
deserialize,2235,0
mult,2.1098e+06,0
deserialize,2389,0
mult,2.08707e+06,0
deserialize,2400,0
mult,2.10508e+06,0
deserialize,2120,0
mult,2.11066e+06,0
deserialize,2177,0
mult,2.12512e+06,0
deserialize,2246,0
mult,2.09426e+06,0
deserialize,2118,0
mult,2.10354e+06,0
deserialize,2166,0
mult,2.09974e+06,0
deserialize,2598,0
mult,2.11911e+06,0
deserialize,2193,0
mult,2.10542e+06,0
deserialize,2500,0
mult,2.10365e+06,0
deserialize,2173,0
mult,2.09808e+06,0
deserialize,2311,0
mult,2.10513e+06,0
deserialize,2583,0
mult,2.10891e+06,0
deserialize,2668,0
mult,2.10617e+06,0
deserialize,2260,0
mult,2.09532e+06,0
deserialize,2589,0
mult,2.10678e+06,0
deserialize,2111,0
mult,2.10765e+06,0
deserialize,2240,0
mult,2.1053e+06,0
deserialize,2054,0
mult,2.09222e+06,0
deserialize,2178,0
mult,2.09924e+06,0
deserialize,2105,0
mult,2.11571e+06,0
deserialize,2512,0
mult,2.11821e+06,0
deserialize,2522,0
mult,2.10055e+06,0
deserialize,2179,0
mult,2.10141e+06,0
deserialize,2320,0
mult,2.1047e+06,0
deserialize,2166,0
mult,2.11786e+06,0
deserialize,2289,0
mult,2.09625e+06,0
deserialize,2311,0
mult,2.10854e+06,0
deserialize,2580,0
mult,2.08814e+06,0
deserialize,2236,0
mult,2.11519e+06,0
deserialize,2396,0
mult,2.10083e+06,0
deserialize,2509,0
mult,2.10891e+06,0
deserialize,2733,0
mult,2.08696e+06,0
deserialize,2680,0
mult,2.11185e+06,0
deserialize,2233,0
mult,2.10157e+06,0
deserialize,2126,0
mult,2.11667e+06,0
deserialize,2326,0
mult,2.08966e+06,0
deserialize,2286,0
mult,2.10471e+06,0
deserialize,2542,0
mult,2.10338e+06,0
deserialize,2112,0
mult,2.12488e+06,0
deserialize,2201,0
mult,2.09582e+06,0
deserialize,2279,0
mult,2.11192e+06,0
deserialize,2319,0
mult,2.10218e+06,0
deserialize,2253,0
mult,2.11668e+06,0
deserialize,2158,0
mult,2.09793e+06,0
deserialize,2523,0
mult,2.10609e+06,0
deserialize,2302,0
mult,2.09462e+06,0
deserialize,2763,0
mult,2.11026e+06,0
deserialize,2195,0
mult,2.11176e+06,0
deserialize,2364,0
mult,2.10359e+06,0
deserialize,2306,0
mult,2.094e+06,0
deserialize,2559,0
mult,2.11069e+06,0
deserialize,2506,0
mult,2.10769e+06,0
deserialize,2165,0
mult,2.11259e+06,0
deserialize,2680,0
mult,2.09618e+06,0
deserialize,2205,0
mult,2.09983e+06,0
deserialize,2061,0
mult,2.10778e+06,0
deserialize,2331,0
mult,2.12314e+06,0
deserialize,2207,0
mult,2.09984e+06,0
deserialize,2330,0
mult,2.10571e+06,0
deserialize,2183,0
mult,2.10592e+06,0
deserialize,2308,0
mult,2.11624e+06,0
deserialize,2133,0
mult,2.10213e+06,0
deserialize,2071,0
mult,2.11325e+06,0
deserialize,2290,0
mult,2.09028e+06,0
deserialize,2128,0
mult,2.11556e+06,0
deserialize,2287,0
mult,2.1033e+06,0
deserialize,2179,0
mult,2.1111e+06,0
deserialize,2559,0
mult,2.09432e+06,0
deserialize,2369,0
mult,2.11403e+06,0
deserialize,2191,0
mult,2.10272e+06,0
deserialize,2381,0
mult,2.11398e+06,0
deserialize,2503,0
mult,2.08966e+06,0
deserialize,2389,0
mult,2.10966e+06,0
deserialize,2395,0
mult,2.10968e+06,0
deserialize,2343,0
mult,2.12764e+06,0
deserialize,2276,0
mult,2.09461e+06,0
deserialize,2112,0
mult,2.10479e+06,0
deserialize,2210,0
mult,2.09698e+06,0
deserialize,2202,0
mult,2.12299e+06,0
deserialize,2124,0
mult,2.10717e+06,0
deserialize,2468,0
mult,2.1056e+06,0
deserialize,2256,0
mult,2.09697e+06,0
deserialize,2484,0
mult,2.10468e+06,0
deserialize,2252,0
mult,2.10776e+06,0
deserialize,2768,0
mult,2.11098e+06,0
deserialize,2180,0
mult,2.09986e+06,0
deserialize,2395,0
mult,2.10593e+06,0
deserialize,2128,0
mult,2.10631e+06,0
deserialize,2462,0
mult,2.10376e+06,0
deserialize,2529,0
mult,2.09569e+06,0
deserialize,2193,0
mult,2.10392e+06,0
deserialize,2038,0
mult,2.11653e+06,0
deserialize,2630,0
mult,2.11571e+06,0
deserialize,2506,0
mult,2.09872e+06,0
deserialize,2072,0
mult,2.09839e+06,0
deserialize,2384,0
mult,2.10693e+06,0
deserialize,2083,0
mult,2.11617e+06,0
deserialize,2251,0
mult,2.10184e+06,0
deserialize,2399,0
mult,2.10932e+06,0
deserialize,2518,0
mult,2.09575e+06,0
deserialize,2370,0
mult,2.11645e+06,0
deserialize,2503,0
mult,2.10445e+06,0
deserialize,2114,0
mult,2.11032e+06,0
deserialize,2247,0
mult,2.08857e+06,0
deserialize,2403,0
mult,2.11296e+06,0
deserialize,2393,0
mult,2.10311e+06,0
deserialize,2276,0
mult,2.11842e+06,0
deserialize,2406,0
mult,2.10003e+06,0
deserialize,2396,0
mult,2.09837e+06,0
deserialize,2224,0
mult,2.11168e+06,0
deserialize,2330,0
mult,2.12132e+06,0
deserialize,2500,0
mult,8.71714e+06,0
deserialize,3347,0
mult,7.31335e+07,0
deserialize,4664,0
mult,5.94887e+07,0
deserialize,4146,0
mult,6.07597e+07,0
deserialize,20517,0
mult,2.57187e+07,0
deserialize,5034,0
mult,4.31002e+06,0
deserialize,3378,0
mult,2.09647e+06,0
deserialize,2722,0
mult,2.11078e+06,0
deserialize,2370,0
mult,2.09809e+06,0
deserialize,2448,0
mult,2.10272e+06,0
deserialize,2700,0
mult,2.10369e+06,0
deserialize,3106,0
mult,2.10229e+06,0
deserialize,2664,0
mult,2.09731e+06,0
deserialize,2840,0
mult,2.09697e+06,0
deserialize,2321,0
mult,2.10363e+06,0
deserialize,2675,0
mult,2.10033e+06,0
deserialize,2478,0
mult,2.0969e+06,0
deserialize,2800,0
mult,2.09452e+06,0
deserialize,2344,0
mult,2.10155e+06,0
deserialize,2795,0
mult,2.09997e+06,0
deserialize,2283,0
mult,2.09904e+06,0
deserialize,2446,0
mult,2.09746e+06,0
deserialize,2418,0
mult,2.10837e+06,0
deserialize,2617,0
mult,2.10875e+06,0
deserialize,2554,0
mult,2.10428e+06,0
deserialize,2445,0
mult,2.09404e+06,0
deserialize,2332,0
mult,2.09848e+06,0
deserialize,2418,0
mult,2.09975e+06,0
deserialize,2405,0
mult,2.10608e+06,0
deserialize,2329,0
mult,2.10502e+06,0
deserialize,2565,0
mult,2.09978e+06,0
deserialize,2330,0
mult,2.10554e+06,0
deserialize,2560,0
mult,2.09105e+06,0
deserialize,3157,0
mult,2.10087e+06,0
deserialize,2643,0
mult,2.09847e+06,0
deserialize,2237,0
mult,2.11383e+06,0
deserialize,2750,0
mult,2.0938e+06,0
deserialize,2506,0
mult,2.0963e+06,0
deserialize,2490,0
mult,2.09155e+06,0
deserialize,2388,0
mult,2.10816e+06,0
deserialize,2911,0
mult,2.01954e+06,0
deserialize,2830,0
mult,1.99591e+06,0
deserialize,2647,0
mult,1.94586e+06,0
gemm,2.71951e+09,0
wait_all,1.95989e+09,0
deserialize,6058,0
mult,2.23854e+06,0
deserialize,2797,0
mult,2.11902e+06,0
deserialize,2352,0
mult,2.09369e+06,0
deserialize,2494,0
mult,2.11821e+06,0
deserialize,2343,0
mult,2.10637e+06,0
deserialize,2514,0
mult,2.11243e+06,0
deserialize,2466,0
mult,2.08644e+06,0
deserialize,2684,0
mult,2.10361e+06,0
deserialize,2277,0
mult,2.11613e+06,0
deserialize,2461,0
mult,2.11968e+06,0
deserialize,2313,0
mult,2.10476e+06,0
deserialize,2874,0
mult,2.09756e+06,0
deserialize,2817,0
mult,2.10533e+06,0
deserialize,2465,0
mult,2.1137e+06,0
deserialize,2147,0
mult,2.1067e+06,0
deserialize,2456,0
mult,2.10389e+06,0
deserialize,2432,0
mult,2.10018e+06,0
deserialize,2153,0
mult,2.10297e+06,0
deserialize,2288,0
mult,2.11036e+06,0
deserialize,2357,0
mult,2.10718e+06,0
deserialize,2196,0
mult,2.09793e+06,0
deserialize,2234,0
mult,2.1051e+06,0
deserialize,2182,0
mult,2.10802e+06,0
deserialize,2141,0
mult,2.10506e+06,0
deserialize,2166,0
mult,2.09285e+06,0
deserialize,2210,0
mult,2.10022e+06,0
deserialize,2090,0
mult,2.11346e+06,0
deserialize,2490,0
mult,2.12348e+06,0
deserialize,2359,0
mult,2.09674e+06,0
deserialize,2167,0
mult,2.10812e+06,0
deserialize,2436,0
mult,2.10178e+06,0
deserialize,2132,0
mult,2.12107e+06,0
deserialize,2424,0
mult,2.0971e+06,0
deserialize,2293,0
mult,2.11276e+06,0
deserialize,2404,0
mult,2.09063e+06,0
deserialize,2236,0
mult,2.11357e+06,0
deserialize,2240,0
mult,2.10358e+06,0
deserialize,2244,0
mult,2.11212e+06,0
deserialize,2327,0
mult,2.08772e+06,0
deserialize,2437,0
mult,2.11067e+06,0
deserialize,2151,0
mult,2.10038e+06,0
deserialize,2314,0
mult,2.11622e+06,0
deserialize,2210,0
mult,2.09053e+06,0
deserialize,2242,0
mult,2.10427e+06,0
deserialize,2206,0
mult,2.10878e+06,0
deserialize,2423,0
mult,2.11883e+06,0
deserialize,2511,0
mult,2.10188e+06,0
deserialize,2643,0
mult,2.10702e+06,0
deserialize,2207,0
mult,2.11097e+06,0
deserialize,2533,0
mult,2.11119e+06,0
deserialize,2147,0
mult,2.10042e+06,0
deserialize,2600,0
mult,2.10747e+06,0
deserialize,2098,0
mult,2.09733e+06,0
deserialize,2679,0
mult,2.11072e+06,0
deserialize,2481,0
mult,2.11149e+06,0
deserialize,2419,0
mult,2.10452e+06,0
deserialize,2318,0
mult,2.09514e+06,0
deserialize,2241,0
mult,2.10581e+06,0
deserialize,2530,0
mult,2.10841e+06,0
deserialize,2478,0
mult,2.11221e+06,0
deserialize,2129,0
mult,2.09878e+06,0
deserialize,2161,0
mult,2.0991e+06,0
deserialize,2167,0
mult,2.1112e+06,0
deserialize,2350,0
mult,2.12828e+06,0
deserialize,2483,0
mult,2.09677e+06,0
deserialize,2645,0
mult,2.11321e+06,0
deserialize,2509,0
mult,2.10136e+06,0
deserialize,2098,0
mult,2.12074e+06,0
deserialize,2342,0
mult,2.09834e+06,0
deserialize,2085,0
mult,2.1158e+06,0
deserialize,2404,0
mult,2.09165e+06,0
deserialize,2306,0
mult,2.11377e+06,0
deserialize,2737,0
mult,2.1028e+06,0
deserialize,2417,0
mult,2.11519e+06,0
deserialize,2191,0
mult,2.09367e+06,0
deserialize,2164,0
mult,2.11318e+06,0
deserialize,2145,0
mult,2.1019e+06,0
deserialize,2300,0
mult,2.11367e+06,0
deserialize,2166,0
mult,2.08988e+06,0
deserialize,2253,0
mult,2.10965e+06,0
deserialize,2101,0
mult,2.1084e+06,0
deserialize,2251,0
mult,2.12792e+06,0
deserialize,2281,0
mult,2.10153e+06,0
deserialize,2607,0
mult,2.09975e+06,0
deserialize,2485,0
mult,2.10597e+06,0
deserialize,2513,0
mult,2.11598e+06,0
deserialize,2285,0
mult,2.10869e+06,0
deserialize,2455,0
mult,2.1072e+06,0
deserialize,2351,0
mult,2.11087e+06,0
deserialize,2494,0
mult,2.10259e+06,0
deserialize,2270,0
mult,2.11103e+06,0
deserialize,2373,0
mult,2.11036e+06,0
deserialize,2502,0
mult,2.10052e+06,0
deserialize,2272,0
mult,2.10577e+06,0
deserialize,2179,0
mult,2.10608e+06,0
deserialize,2274,0
mult,2.10373e+06,0
deserialize,2193,0
mult,2.09705e+06,0
deserialize,2148,0
mult,2.10729e+06,0
deserialize,2081,0
mult,2.1161e+06,0
deserialize,2407,0
mult,2.12101e+06,0
deserialize,2685,0
mult,2.09448e+06,0
deserialize,2170,0
mult,2.10445e+06,0
deserialize,2404,0
mult,2.10023e+06,0
deserialize,2483,0
mult,2.12122e+06,0
deserialize,2533,0
mult,2.10181e+06,0
deserialize,2409,0
mult,2.10821e+06,0
deserialize,2374,0
mult,2.08704e+06,0
deserialize,2270,0
mult,2.11151e+06,0
deserialize,2437,0
mult,2.10646e+06,0
deserialize,2127,0
mult,2.11524e+06,0
deserialize,2429,0
mult,2.09336e+06,0
deserialize,2179,0
mult,2.10768e+06,0
deserialize,2147,0
mult,2.10055e+06,0
deserialize,2147,0
mult,2.1113e+06,0
deserialize,2583,0
mult,2.09153e+06,0
deserialize,2231,0
mult,2.10658e+06,0
deserialize,2280,0
mult,2.1083e+06,0
deserialize,2182,0
mult,2.1203e+06,0
deserialize,2355,0
mult,2.10217e+06,0
deserialize,2614,0
mult,2.09744e+06,0
deserialize,2123,0
mult,2.1073e+06,0
deserialize,2676,0
mult,2.11142e+06,0
deserialize,2024,0
mult,2.10811e+06,0
deserialize,2470,0
mult,2.09985e+06,0
deserialize,2282,0
mult,2.09929e+06,0
deserialize,2505,0
mult,2.10512e+06,0
deserialize,2503,0
mult,2.1114e+06,0
deserialize,2137,0
mult,2.10453e+06,0
deserialize,2519,0
mult,2.0961e+06,0
deserialize,2169,0
mult,2.09873e+06,0
deserialize,2188,0
mult,2.11185e+06,0
deserialize,2628,0
mult,2.10751e+06,0
deserialize,2287,0
mult,2.096e+06,0
deserialize,2227,0
mult,2.09768e+06,0
deserialize,2266,0
mult,2.11384e+06,0
deserialize,2489,0
mult,2.11932e+06,0
deserialize,2394,0
mult,2.10246e+06,0
deserialize,2305,0
mult,2.10682e+06,0
deserialize,2653,0
mult,2.10052e+06,0
deserialize,2151,0
mult,2.11627e+06,0
deserialize,2317,0
mult,2.10119e+06,0
deserialize,2150,0
mult,2.1048e+06,0
deserialize,2518,0
mult,2.09768e+06,0
deserialize,2189,0
mult,2.11204e+06,0
deserialize,2527,0
mult,2.10257e+06,0
deserialize,2033,0
mult,2.10671e+06,0
deserialize,2340,0
mult,2.09504e+06,0
deserialize,2172,0
mult,2.10505e+06,0
deserialize,2167,0
mult,2.1087e+06,0
deserialize,2636,0
mult,2.11477e+06,0
deserialize,2256,0
mult,2.09041e+06,0
deserialize,2306,0
mult,2.10311e+06,0
deserialize,2110,0
mult,2.11262e+06,0
deserialize,2085,0
mult,2.12043e+06,0
deserialize,2149,0
mult,2.1078e+06,0
deserialize,2970,0
mult,2.1011e+06,0
deserialize,2318,0
mult,2.10827e+06,0
deserialize,2510,0
mult,2.10867e+06,0
deserialize,2244,0
mult,2.11062e+06,0
deserialize,2667,0
mult,2.10193e+06,0
deserialize,2500,0
mult,2.10168e+06,0
deserialize,2410,0
mult,2.10475e+06,0
deserialize,2190,0
mult,2.1119e+06,0
deserialize,2322,0
mult,2.10739e+06,0
deserialize,2297,0
mult,2.10502e+06,0
deserialize,2401,0
mult,2.10144e+06,0
deserialize,2198,0
mult,2.11125e+06,0
deserialize,2490,0
mult,2.10501e+06,0
deserialize,2255,0
mult,2.09769e+06,0
deserialize,2416,0
mult,2.10547e+06,0
deserialize,2335,0
mult,2.11822e+06,0
deserialize,2398,0
mult,2.11466e+06,0
deserialize,2221,0
mult,2.10089e+06,0
deserialize,2618,0
mult,2.10481e+06,0
deserialize,2397,0
mult,2.10527e+06,0
deserialize,2233,0
mult,2.12136e+06,0
deserialize,2459,0
mult,2.10353e+06,0
deserialize,2140,0
mult,2.1065e+06,0
deserialize,2471,0
mult,2.08995e+06,0
deserialize,2138,0
mult,2.10912e+06,0
deserialize,2542,0
mult,2.10958e+06,0
deserialize,2423,0
mult,2.11893e+06,0
deserialize,2181,0
mult,2.09417e+06,0
deserialize,2169,0
mult,2.1082e+06,0
deserialize,2052,0
mult,2.10004e+06,0
deserialize,2214,0
mult,2.11067e+06,0
deserialize,2356,0
mult,2.09456e+06,0
deserialize,2363,0
mult,2.11032e+06,0
deserialize,2104,0
mult,2.10922e+06,0
deserialize,2270,0
mult,2.11776e+06,0
deserialize,2311,0
mult,2.09868e+06,0
deserialize,2484,0
mult,2.10189e+06,0
deserialize,2295,0
mult,2.11175e+06,0
deserialize,2597,0
mult,2.11848e+06,0
deserialize,2254,0
mult,2.10494e+06,0
deserialize,2750,0
mult,2.09994e+06,0
deserialize,2414,0
mult,2.09456e+06,0
deserialize,2432,0
mult,2.10547e+06,0
deserialize,2464,0
mult,2.11462e+06,0
deserialize,2361,0
mult,2.10608e+06,0
deserialize,2537,0
mult,2.09901e+06,0
deserialize,2455,0
mult,2.10562e+06,0
deserialize,2425,0
mult,2.11479e+06,0
deserialize,2277,0
mult,2.1083e+06,0
deserialize,2169,0
mult,2.09633e+06,0
deserialize,2170,0
mult,2.10035e+06,0
deserialize,2343,0
mult,2.11576e+06,0
deserialize,2510,0
mult,2.11547e+06,0
deserialize,2071,0
mult,2.10853e+06,0
deserialize,2603,0
mult,2.11636e+06,0
deserialize,2433,0
mult,2.09394e+06,0
deserialize,2330,0
mult,2.12211e+06,0
deserialize,2446,0
mult,2.09754e+06,0
deserialize,2260,0
mult,8.61507e+06,0
deserialize,3467,0
mult,7.31621e+07,0
deserialize,4492,0
mult,5.94794e+07,0
deserialize,4247,0
mult,6.08449e+07,0
deserialize,22878,0
mult,2.57297e+07,0
deserialize,5207,0
mult,4.36759e+06,0
deserialize,3343,0
mult,2.10102e+06,0
deserialize,3059,0
mult,2.11467e+06,0
deserialize,2562,0
mult,2.09704e+06,0
deserialize,2815,0
mult,2.11559e+06,0
deserialize,2618,0
mult,2.09695e+06,0
deserialize,2487,0
mult,2.11583e+06,0
deserialize,2299,0
mult,2.08953e+06,0
deserialize,2502,0
mult,2.11769e+06,0
deserialize,2422,0
mult,2.09197e+06,0
deserialize,2639,0
mult,2.11271e+06,0
deserialize,2573,0
mult,2.0874e+06,0
deserialize,2501,0
mult,2.1185e+06,0
deserialize,2687,0
mult,2.08758e+06,0
deserialize,2618,0
mult,2.11632e+06,0
deserialize,2529,0
mult,2.08469e+06,0
deserialize,2677,0
mult,2.12764e+06,0
deserialize,2718,0
mult,2.0911e+06,0
deserialize,2603,0
mult,2.1214e+06,0
deserialize,2599,0
mult,2.09347e+06,0
deserialize,2349,0
mult,2.11906e+06,0
deserialize,2473,0
mult,2.08296e+06,0
deserialize,2373,0
mult,2.11333e+06,0
deserialize,2597,0
mult,2.08984e+06,0
deserialize,2303,0
mult,2.12533e+06,0
deserialize,2337,0
mult,2.09137e+06,0
deserialize,2774,0
mult,2.11698e+06,0
deserialize,2437,0
mult,2.08352e+06,0
deserialize,2740,0
mult,2.11884e+06,0
deserialize,2326,0
mult,2.08871e+06,0
deserialize,2385,0
mult,2.12278e+06,0
deserialize,2426,0
mult,2.09312e+06,0
deserialize,2948,0
mult,2.11091e+06,0
deserialize,2466,0
mult,2.08744e+06,0
deserialize,2678,0
mult,2.10969e+06,0
deserialize,2430,0
mult,2.09235e+06,0
deserialize,2970,0
mult,2.02315e+06,0
deserialize,3012,0
mult,1.9877e+06,0
gemm,2.63218e+09,0
wait_all,1.87061e+09,0
deserialize,6182,0
mult,2.21362e+06,0
deserialize,2667,0
mult,2.11e+06,0
deserialize,2501,0
mult,2.12873e+06,0
deserialize,2718,0
mult,2.11872e+06,0
deserialize,2484,0
mult,2.1413e+06,0
deserialize,2590,0
mult,2.10766e+06,0
deserialize,2276,0
mult,2.12851e+06,0
deserialize,2503,0
mult,2.10292e+06,0
deserialize,2506,0
mult,2.13545e+06,0
deserialize,2629,0
mult,2.10947e+06,0
deserialize,2590,0
mult,2.12984e+06,0
deserialize,2509,0
mult,2.09794e+06,0
deserialize,2493,0
mult,2.11517e+06,0
deserialize,2330,0
mult,2.10905e+06,0
deserialize,2340,0
mult,2.13767e+06,0
deserialize,2854,0
mult,2.11312e+06,0
deserialize,2540,0
mult,2.12252e+06,0
deserialize,2322,0
mult,2.1178e+06,0
deserialize,8044,0
mult,2.12387e+06,0
deserialize,2445,0
mult,2.10679e+06,0
deserialize,2577,0
mult,2.12025e+06,0
deserialize,2303,0
mult,2.12415e+06,0
deserialize,2493,0
mult,2.12827e+06,0
deserialize,2257,0
mult,2.11309e+06,0
deserialize,2667,0
mult,2.11921e+06,0
deserialize,2308,0
mult,2.10952e+06,0
deserialize,2538,0
mult,2.12304e+06,0
deserialize,2398,0
mult,2.12124e+06,0
deserialize,2293,0
mult,2.12001e+06,0
deserialize,2641,0
mult,2.10466e+06,0
deserialize,2433,0
mult,2.10982e+06,0
deserialize,2185,0
mult,2.11978e+06,0
deserialize,2287,0
mult,2.12962e+06,0
deserialize,2405,0
mult,2.12165e+06,0
deserialize,2276,0
mult,2.12479e+06,0
deserialize,2600,0
mult,2.12519e+06,0
deserialize,2552,0
mult,2.13254e+06,0
deserialize,2547,0
mult,2.10199e+06,0
deserialize,2427,0
mult,2.1249e+06,0
deserialize,2727,0
mult,2.11802e+06,0
deserialize,2493,0
mult,2.13309e+06,0
deserialize,2699,0
mult,2.11148e+06,0
deserialize,2546,0
mult,2.13097e+06,0
deserialize,2474,0
mult,2.10232e+06,0
deserialize,2228,0
mult,2.12073e+06,0
deserialize,2303,0
mult,2.11037e+06,0
deserialize,2406,0
mult,2.12276e+06,0
deserialize,2620,0
mult,2.1025e+06,0
deserialize,2586,0
mult,2.11997e+06,0
deserialize,2553,0
mult,2.11505e+06,0
deserialize,2479,0
mult,2.13284e+06,0
deserialize,2383,0
mult,2.11682e+06,0
deserialize,2432,0
mult,2.11583e+06,0
deserialize,2447,0
mult,2.13892e+06,0
deserialize,2534,0
mult,2.13256e+06,0
deserialize,2600,0
mult,2.1078e+06,0
deserialize,2596,0
mult,2.11646e+06,0
deserialize,2245,0
mult,2.12473e+06,0
deserialize,2726,0
mult,2.12564e+06,0
deserialize,2455,0
mult,2.12766e+06,0
deserialize,2407,0
mult,2.13176e+06,0
deserialize,2512,0
mult,2.10644e+06,0
deserialize,2365,0
mult,2.11714e+06,0
deserialize,2549,0
mult,2.1134e+06,0
deserialize,2551,0
mult,2.11913e+06,0
deserialize,2570,0
mult,2.11448e+06,0
deserialize,2345,0
mult,2.11969e+06,0
deserialize,2506,0
mult,2.1146e+06,0
deserialize,2251,0
mult,2.13718e+06,0
deserialize,2468,0
mult,2.10866e+06,0
deserialize,2229,0
mult,2.12359e+06,0
deserialize,2705,0
mult,2.12828e+06,0
deserialize,2275,0
mult,2.13508e+06,0
deserialize,2842,0
mult,2.1002e+06,0
deserialize,2244,0
mult,2.12788e+06,0
deserialize,2633,0
mult,2.12083e+06,0
deserialize,2302,0
mult,2.13216e+06,0
deserialize,2313,0
mult,2.11788e+06,0
deserialize,2180,0
mult,2.13606e+06,0
deserialize,2541,0
mult,2.10033e+06,0
deserialize,2265,0
mult,2.12772e+06,0
deserialize,2741,0
mult,2.10425e+06,0
deserialize,2275,0
mult,2.12669e+06,0
deserialize,2526,0
mult,2.10837e+06,0
deserialize,2672,0
mult,2.11197e+06,0
deserialize,2641,0
mult,2.1186e+06,0
deserialize,2447,0
mult,2.13271e+06,0
deserialize,2323,0
mult,2.11271e+06,0
deserialize,2549,0
mult,2.12039e+06,0
deserialize,2242,0
mult,2.12768e+06,0
deserialize,2753,0
mult,2.12388e+06,0
deserialize,2497,0
mult,2.10756e+06,0
deserialize,2711,0
mult,2.1218e+06,0
deserialize,2439,0
mult,2.12267e+06,0
deserialize,2250,0
mult,2.12667e+06,0
deserialize,2238,0
mult,2.11613e+06,0
deserialize,2440,0
mult,2.12759e+06,0
deserialize,2218,0
mult,2.10959e+06,0
deserialize,2649,0
mult,2.13375e+06,0
deserialize,2510,0
mult,2.10536e+06,0
deserialize,2552,0
mult,2.1248e+06,0
deserialize,2675,0
mult,2.09521e+06,0
deserialize,2439,0
mult,2.11989e+06,0
deserialize,2468,0
mult,2.10932e+06,0
deserialize,2261,0
mult,2.14004e+06,0
deserialize,2517,0
mult,2.10669e+06,0
deserialize,2254,0
mult,2.12212e+06,0
deserialize,2633,0
mult,2.11777e+06,0
deserialize,2313,0
mult,2.13234e+06,0
deserialize,2576,0
mult,2.1003e+06,0
deserialize,2349,0
mult,2.13114e+06,0
deserialize,2483,0
mult,2.11277e+06,0
deserialize,2396,0
mult,2.13244e+06,0
deserialize,2142,0
mult,2.10381e+06,0
deserialize,2489,0
mult,2.13536e+06,0
deserialize,2572,0
mult,2.10431e+06,0
deserialize,2633,0
mult,2.13022e+06,0
deserialize,2597,0
mult,2.10882e+06,0
deserialize,2861,0
mult,2.11752e+06,0
deserialize,2449,0
mult,2.10361e+06,0
deserialize,2661,0
mult,2.1141e+06,0
deserialize,2452,0
mult,2.11312e+06,0
deserialize,2430,0
mult,2.135e+06,0
deserialize,2298,0
mult,2.11148e+06,0
deserialize,2349,0
mult,2.1194e+06,0
deserialize,2766,0
mult,2.12439e+06,0
deserialize,2453,0
mult,2.13258e+06,0
deserialize,2240,0
mult,2.10045e+06,0
deserialize,2541,0
mult,2.12708e+06,0
deserialize,2141,0
mult,2.11753e+06,0
deserialize,2543,0
mult,2.13075e+06,0
deserialize,2125,0
mult,2.11368e+06,0
deserialize,2274,0
mult,2.14166e+06,0
deserialize,2531,0
mult,2.09895e+06,0
deserialize,2306,0
mult,2.135e+06,0
deserialize,2523,0
mult,2.10288e+06,0
deserialize,2412,0
mult,2.1306e+06,0
deserialize,2521,0
mult,2.10043e+06,0
deserialize,2516,0
mult,2.11668e+06,0
deserialize,2729,0
mult,2.10333e+06,0
deserialize,2266,0
mult,2.14416e+06,0
deserialize,2690,0
mult,2.10032e+06,0
deserialize,2474,0
mult,2.13296e+06,0
deserialize,2448,0
mult,2.12164e+06,0
deserialize,2394,0
mult,2.13994e+06,0
deserialize,2443,0
mult,2.09207e+06,0
deserialize,2545,0
mult,2.13434e+06,0
deserialize,2201,0
mult,2.11771e+06,0
deserialize,2594,0
mult,2.13854e+06,0
deserialize,2281,0
mult,2.12323e+06,0
deserialize,2695,0
mult,2.1337e+06,0
deserialize,2463,0
mult,2.10355e+06,0
deserialize,2510,0
mult,2.12988e+06,0
deserialize,2200,0
mult,2.10848e+06,0
deserialize,2446,0
mult,2.12753e+06,0
deserialize,2393,0
mult,2.11005e+06,0
deserialize,2505,0
mult,2.11248e+06,0
deserialize,2399,0
mult,2.10895e+06,0
deserialize,2269,0
mult,2.13844e+06,0
deserialize,2547,0
mult,2.10566e+06,0
deserialize,2548,0
mult,2.12902e+06,0
deserialize,2309,0
mult,2.12977e+06,0
deserialize,2757,0
mult,2.1357e+06,0
deserialize,2197,0
mult,2.10108e+06,0
deserialize,2506,0
mult,2.12832e+06,0
deserialize,2687,0
mult,2.11568e+06,0
deserialize,2416,0
mult,2.14206e+06,0
deserialize,2405,0
mult,2.11674e+06,0
deserialize,2480,0
mult,2.13332e+06,0
deserialize,2406,0
mult,2.10202e+06,0
deserialize,2312,0
mult,2.13519e+06,0
deserialize,2680,0
mult,2.10538e+06,0
deserialize,2282,0
mult,2.1259e+06,0
deserialize,2444,0
mult,2.09814e+06,0
deserialize,2280,0
mult,2.12123e+06,0
deserialize,2318,0
mult,2.10981e+06,0
deserialize,2252,0
mult,2.14199e+06,0
deserialize,2402,0
mult,2.10158e+06,0
deserialize,2442,0
mult,2.1277e+06,0
deserialize,2419,0
mult,2.12296e+06,0
deserialize,6200,0
mult,2.13444e+06,0
deserialize,2577,0
mult,2.10739e+06,0
deserialize,2466,0
mult,2.11981e+06,0
deserialize,2463,0
mult,2.11971e+06,0
deserialize,2545,0
mult,2.13181e+06,0
deserialize,2457,0
mult,2.1169e+06,0
deserialize,2649,0
mult,2.12555e+06,0
deserialize,2170,0
mult,2.10721e+06,0
deserialize,2407,0
mult,2.12529e+06,0
deserialize,2297,0
mult,2.11125e+06,0
deserialize,2277,0
mult,2.11556e+06,0
deserialize,2382,0
mult,2.10342e+06,0
deserialize,2308,0
mult,2.11803e+06,0
deserialize,2301,0
mult,2.11973e+06,0
deserialize,2180,0
mult,2.13432e+06,0
deserialize,2355,0
mult,2.10468e+06,0
deserialize,2767,0
mult,2.12106e+06,0
deserialize,2685,0
mult,2.12598e+06,0
deserialize,2366,0
mult,2.13919e+06,0
deserialize,2515,0
mult,2.09516e+06,0
deserialize,2380,0
mult,2.12783e+06,0
deserialize,2503,0
mult,2.12057e+06,0
deserialize,2850,0
mult,2.1411e+06,0
deserialize,2961,0
mult,2.11e+06,0
deserialize,2307,0
mult,2.13002e+06,0
deserialize,2323,0
mult,2.09296e+06,0
deserialize,2503,0
mult,2.13818e+06,0
deserialize,2395,0
mult,2.10236e+06,0
deserialize,2440,0
mult,2.13685e+06,0
deserialize,2597,0
mult,2.10267e+06,0
deserialize,2383,0
mult,2.12423e+06,0
deserialize,2373,0
mult,2.13029e+06,0
deserialize,2479,0
mult,2.11475e+06,0
deserialize,2731,0
mult,8.80942e+06,0
deserialize,5162,0
mult,7.31274e+07,0
deserialize,5294,0
mult,5.92711e+07,0
deserialize,4403,0
mult,6.08517e+07,0
deserialize,23501,0
mult,2.56569e+07,0
deserialize,4856,0
mult,4.3005e+06,0
deserialize,3348,0
mult,2.10442e+06,0
deserialize,3361,0
mult,2.08449e+06,0
deserialize,2342,0
mult,2.10226e+06,0
deserialize,2962,0
mult,2.11406e+06,0
deserialize,3227,0
mult,2.10263e+06,0
deserialize,2863,0
mult,2.08068e+06,0
deserialize,2595,0
mult,2.09372e+06,0
deserialize,2728,0
mult,2.11468e+06,0
deserialize,2756,0
mult,2.10224e+06,0
deserialize,2694,0
mult,2.08103e+06,0
deserialize,2914,0
mult,2.0948e+06,0
deserialize,2847,0
mult,2.11081e+06,0
deserialize,2454,0
mult,2.09961e+06,0
deserialize,2974,0
mult,2.08189e+06,0
deserialize,2359,0
mult,2.09624e+06,0
deserialize,2741,0
mult,2.11597e+06,0
deserialize,2588,0
mult,2.10366e+06,0
deserialize,2347,0
mult,2.09396e+06,0
deserialize,2882,0
mult,2.09628e+06,0
deserialize,2306,0
mult,2.11712e+06,0
deserialize,2724,0
mult,2.08915e+06,0
deserialize,2508,0
mult,2.08707e+06,0
deserialize,2733,0
mult,2.09763e+06,0
deserialize,2463,0
mult,2.12148e+06,0
deserialize,2689,0
mult,2.09532e+06,0
deserialize,2371,0
mult,2.0874e+06,0
deserialize,2556,0
mult,2.08987e+06,0
deserialize,2704,0
mult,2.11615e+06,0
deserialize,2601,0
mult,2.09727e+06,0
deserialize,2489,0
mult,2.09499e+06,0
deserialize,3218,0
mult,2.09146e+06,0
deserialize,3249,0
mult,2.0264e+06,0
deserialize,3094,0
mult,1.93994e+06,0
deserialize,2373,0
mult,1.98427e+06,0
deserialize,3501,0
mult,1.94724e+06,0
deserialize,2717,0
mult,2.01095e+06,0
deserialize,3241,0
mult,1.94863e+06,0
gemm,2.66689e+09,0
wait_all,1.92373e+09,0
deserialize,6879,0
mult,2.14654e+06,0
deserialize,3080,0
mult,2.0369e+06,0
deserialize,5769,0
mult,2.04063e+06,0
deserialize,2756,0
mult,2.04284e+06,0
deserialize,2564,0
mult,2.03744e+06,0
deserialize,2190,0
mult,2.0443e+06,0
deserialize,2324,0
mult,2.03716e+06,0
deserialize,2319,0
mult,2.04591e+06,0
deserialize,2303,0
mult,2.0349e+06,0
deserialize,2447,0
mult,2.04323e+06,0
deserialize,2307,0
mult,2.03714e+06,0
deserialize,2366,0
mult,2.04372e+06,0
deserialize,2654,0
mult,2.03613e+06,0
deserialize,2202,0
mult,2.04369e+06,0
deserialize,2442,0
mult,2.0378e+06,0
deserialize,2174,0
mult,2.04384e+06,0
deserialize,2264,0
mult,2.03614e+06,0
deserialize,2280,0
mult,2.04379e+06,0
deserialize,2312,0
mult,2.03696e+06,0
deserialize,2470,0
mult,2.04182e+06,0
deserialize,2412,0
mult,2.03647e+06,0
deserialize,2096,0
mult,2.04289e+06,0
deserialize,2225,0
mult,2.03614e+06,0
deserialize,2190,0
mult,2.04506e+06,0
deserialize,2136,0
mult,2.03554e+06,0
deserialize,2169,0
mult,2.04964e+06,0
deserialize,2398,0
mult,2.03682e+06,0
deserialize,2014,0
mult,2.04417e+06,0
deserialize,2411,0
mult,2.03578e+06,0
deserialize,2268,0
mult,2.04347e+06,0
deserialize,2714,0
mult,2.03573e+06,0
deserialize,2225,0
mult,2.04277e+06,0
deserialize,2172,0
mult,2.0369e+06,0
deserialize,2074,0
mult,2.04541e+06,0
deserialize,2119,0
mult,2.03816e+06,0
deserialize,2266,0
mult,2.04296e+06,0
deserialize,2284,0
mult,2.03552e+06,0
deserialize,2362,0
mult,2.03986e+06,0
deserialize,2552,0
mult,2.03872e+06,0
deserialize,2316,0
mult,2.04383e+06,0
deserialize,2107,0
mult,2.03471e+06,0
deserialize,2360,0
mult,2.04116e+06,0
deserialize,2204,0
mult,2.03755e+06,0
deserialize,2271,0
mult,2.04388e+06,0
deserialize,2354,0
mult,2.03615e+06,0
deserialize,2008,0
mult,2.04151e+06,0
deserialize,2362,0
mult,2.03765e+06,0
deserialize,2169,0
mult,2.04176e+06,0
deserialize,2558,0
mult,2.04082e+06,0
deserialize,2447,0
mult,2.03692e+06,0
deserialize,2141,0
mult,2.04387e+06,0
deserialize,2263,0
mult,2.03761e+06,0
deserialize,2480,0
mult,2.04352e+06,0
deserialize,2363,0
mult,2.03442e+06,0
deserialize,2250,0
mult,2.04268e+06,0
deserialize,2645,0
mult,2.03766e+06,0
deserialize,2291,0
mult,2.04227e+06,0
deserialize,2516,0
mult,2.03615e+06,0
deserialize,2324,0
mult,2.04171e+06,0
deserialize,2483,0
mult,2.03548e+06,0
deserialize,2129,0
mult,2.04284e+06,0
deserialize,2426,0
mult,2.03761e+06,0
deserialize,2093,0
mult,2.04481e+06,0
deserialize,2576,0
mult,2.03618e+06,0
deserialize,2570,0
mult,2.04363e+06,0
deserialize,2525,0
mult,2.03704e+06,0
deserialize,2308,0
mult,2.04214e+06,0
deserialize,2267,0
mult,2.03577e+06,0
deserialize,2484,0
mult,2.04325e+06,0
deserialize,2195,0
mult,2.03643e+06,0
deserialize,2115,0
mult,2.04345e+06,0
deserialize,2133,0
mult,2.03629e+06,0
deserialize,2278,0
mult,2.04283e+06,0
deserialize,2370,0
mult,2.03493e+06,0
deserialize,2420,0
mult,2.04373e+06,0
deserialize,2627,0
mult,2.03503e+06,0
deserialize,2210,0
mult,2.04235e+06,0
deserialize,2267,0
mult,2.03663e+06,0
deserialize,2123,0
mult,2.04143e+06,0
deserialize,2105,0
mult,2.03672e+06,0
deserialize,2195,0
mult,2.04158e+06,0
deserialize,2168,0
mult,2.03602e+06,0
deserialize,2147,0
mult,2.04478e+06,0
deserialize,2099,0
mult,2.0372e+06,0
deserialize,2330,0
mult,2.04307e+06,0
deserialize,2589,0
mult,2.0356e+06,0
deserialize,2259,0
mult,2.04222e+06,0
deserialize,2099,0
mult,2.03707e+06,0
deserialize,2270,0
mult,2.04164e+06,0
deserialize,2112,0
mult,2.03466e+06,0
deserialize,2147,0
mult,2.04382e+06,0
deserialize,2382,0
mult,2.03506e+06,0
deserialize,2076,0
mult,2.04468e+06,0
deserialize,2155,0
mult,2.03537e+06,0
deserialize,2618,0
mult,2.03808e+06,0
deserialize,2225,0
mult,2.04092e+06,0
deserialize,2290,0
mult,2.03711e+06,0
deserialize,2119,0
mult,2.04854e+06,0
deserialize,2550,0
mult,2.03587e+06,0
deserialize,2301,0
mult,2.0422e+06,0
deserialize,2203,0
mult,2.03783e+06,0
deserialize,2322,0
mult,2.04255e+06,0
deserialize,2542,0
mult,2.03809e+06,0
deserialize,2234,0
mult,2.04299e+06,0
deserialize,2253,0
mult,2.03705e+06,0
deserialize,2201,0
mult,2.04129e+06,0
deserialize,2327,0
mult,2.03684e+06,0
deserialize,2549,0
mult,2.04039e+06,0
deserialize,2549,0
mult,2.03795e+06,0
deserialize,2086,0
mult,2.0406e+06,0
deserialize,2486,0
mult,2.03728e+06,0
deserialize,2215,0
mult,2.04309e+06,0
deserialize,2571,0
mult,2.03611e+06,0
deserialize,2184,0
mult,2.04462e+06,0
deserialize,2730,0
mult,2.0362e+06,0
deserialize,2298,0
mult,2.04434e+06,0
deserialize,2245,0
mult,2.03672e+06,0
deserialize,2054,0
mult,2.04312e+06,0
deserialize,2587,0
mult,2.0379e+06,0
deserialize,2447,0
mult,2.04277e+06,0
deserialize,2087,0
mult,2.03794e+06,0
deserialize,2280,0
mult,2.04309e+06,0
deserialize,2250,0
mult,2.03554e+06,0
deserialize,2201,0
mult,2.0408e+06,0
deserialize,2315,0
mult,2.03616e+06,0
deserialize,2299,0
mult,2.04467e+06,0
deserialize,2166,0
mult,2.03768e+06,0
deserialize,2513,0
mult,2.04075e+06,0
deserialize,2248,0
mult,2.03832e+06,0
deserialize,2473,0
mult,2.04239e+06,0
deserialize,2192,0
mult,2.03655e+06,0
deserialize,2067,0
mult,2.04136e+06,0
deserialize,2116,0
mult,2.03767e+06,0
deserialize,2298,0
mult,2.04117e+06,0
deserialize,2233,0
mult,2.03634e+06,0
deserialize,2004,0
mult,2.04242e+06,0
deserialize,2393,0
mult,2.03706e+06,0
deserialize,2130,0
mult,2.04198e+06,0
deserialize,2469,0
mult,2.03669e+06,0
deserialize,2330,0
mult,2.04192e+06,0
deserialize,2176,0
mult,2.04219e+06,0
deserialize,2642,0
mult,2.03626e+06,0
deserialize,2489,0
mult,2.04342e+06,0
deserialize,2440,0
mult,2.03588e+06,0
deserialize,2356,0
mult,2.04379e+06,0
deserialize,2370,0
mult,2.03704e+06,0
deserialize,2370,0
mult,2.0436e+06,0
deserialize,2311,0
mult,2.0371e+06,0
deserialize,2293,0
mult,2.04089e+06,0
deserialize,2391,0
mult,2.03559e+06,0
deserialize,2106,0
mult,2.04246e+06,0
deserialize,2491,0
mult,2.03614e+06,0
deserialize,2150,0
mult,2.04191e+06,0
deserialize,2213,0
mult,2.03625e+06,0
deserialize,2333,0
mult,2.04282e+06,0
deserialize,2328,0
mult,2.03591e+06,0
deserialize,2277,0
mult,2.04171e+06,0
deserialize,2569,0
mult,2.03641e+06,0
deserialize,2378,0
mult,2.04228e+06,0
deserialize,2292,0
mult,2.03695e+06,0
deserialize,2606,0
mult,2.0424e+06,0
deserialize,2216,0
mult,2.03635e+06,0
deserialize,2215,0
mult,2.04347e+06,0
deserialize,2075,0
mult,2.03731e+06,0
deserialize,2116,0
mult,2.0427e+06,0
deserialize,2156,0
mult,2.0349e+06,0
deserialize,2202,0
mult,2.04211e+06,0
deserialize,2180,0
mult,2.03649e+06,0
deserialize,2341,0
mult,2.04252e+06,0
deserialize,2397,0
mult,2.03688e+06,0
deserialize,2087,0
mult,2.04021e+06,0
deserialize,2206,0
mult,2.03627e+06,0
deserialize,2225,0
mult,2.04193e+06,0
deserialize,2292,0
mult,2.0368e+06,0
deserialize,2237,0
mult,2.0415e+06,0
deserialize,2106,0
mult,2.03907e+06,0
deserialize,2479,0
mult,2.04278e+06,0
deserialize,2166,0
mult,2.03713e+06,0
deserialize,2732,0
mult,2.04054e+06,0
deserialize,2261,0
mult,2.03605e+06,0
deserialize,2249,0
mult,2.04269e+06,0
deserialize,2286,0
mult,2.03656e+06,0
deserialize,2360,0
mult,2.04252e+06,0
deserialize,2275,0
mult,2.03636e+06,0
deserialize,2180,0
mult,2.04054e+06,0
deserialize,2085,0
mult,2.03713e+06,0
deserialize,2117,0
mult,2.03974e+06,0
deserialize,2313,0
mult,2.0455e+06,0
deserialize,2280,0
mult,2.03594e+06,0
deserialize,2085,0
mult,2.04312e+06,0
deserialize,2397,0
mult,2.03532e+06,0
deserialize,2551,0
mult,2.0416e+06,0
deserialize,2462,0
mult,2.03477e+06,0
deserialize,2580,0
mult,2.04283e+06,0
deserialize,2598,0
mult,2.03628e+06,0
deserialize,2131,0
mult,2.04186e+06,0
deserialize,2352,0
mult,2.03614e+06,0
deserialize,2200,0
mult,2.04152e+06,0
deserialize,2451,0
mult,2.03629e+06,0
deserialize,2390,0
mult,2.04179e+06,0
deserialize,2483,0
mult,2.03761e+06,0
deserialize,2217,0
mult,2.04264e+06,0
deserialize,2314,0
mult,2.03652e+06,0
deserialize,2186,0
mult,2.04307e+06,0
deserialize,2257,0
mult,2.03865e+06,0
deserialize,2236,0
mult,2.04462e+06,0
deserialize,2596,0
mult,2.03802e+06,0
deserialize,2162,0
mult,2.04498e+06,0
deserialize,2291,0
mult,2.03655e+06,0
deserialize,2162,0
mult,2.04461e+06,0
deserialize,2257,0
mult,2.03783e+06,0
deserialize,2147,0
mult,2.04677e+06,0
deserialize,2279,0
mult,2.03704e+06,0
deserialize,2124,0
mult,8.70976e+06,0
deserialize,20084,0
mult,7.32091e+07,0
deserialize,4893,0
mult,5.9322e+07,0
deserialize,3721,0
mult,6.07796e+07,0
deserialize,22322,0
mult,2.56568e+07,0
deserialize,5687,0
mult,4.39883e+06,0
deserialize,3148,0
mult,2.04344e+06,0
deserialize,2557,0
mult,2.03934e+06,0
deserialize,2322,0
mult,2.04378e+06,0
deserialize,2490,0
mult,2.0377e+06,0
deserialize,2517,0
mult,2.04217e+06,0
deserialize,2669,0
mult,2.03771e+06,0
deserialize,2372,0
mult,2.04128e+06,0
deserialize,2317,0
mult,2.03853e+06,0
deserialize,2233,0
mult,2.04056e+06,0
deserialize,2366,0
mult,2.03599e+06,0
deserialize,2418,0
mult,2.04145e+06,0
deserialize,2436,0
mult,2.03884e+06,0
deserialize,2219,0
mult,2.04098e+06,0
deserialize,2777,0
mult,2.03935e+06,0
deserialize,2250,0
mult,2.03876e+06,0
deserialize,2342,0
mult,2.0434e+06,0
deserialize,2620,0
mult,2.03485e+06,0
deserialize,2389,0
mult,2.04315e+06,0
deserialize,2523,0
mult,2.03528e+06,0
deserialize,2003,0
mult,2.04395e+06,0
deserialize,2598,0
mult,2.03392e+06,0
deserialize,2178,0
mult,2.04474e+06,0
deserialize,2589,0
mult,2.03511e+06,0
deserialize,2173,0
mult,2.04588e+06,0
deserialize,2627,0
mult,2.03384e+06,0
deserialize,2528,0
mult,2.04518e+06,0
deserialize,2695,0
mult,2.0339e+06,0
deserialize,2383,0
mult,2.04523e+06,0
deserialize,2543,0
mult,2.03426e+06,0
deserialize,2174,0
mult,2.04315e+06,0
deserialize,2416,0
mult,2.03523e+06,0
deserialize,2477,0
mult,2.04383e+06,0
deserialize,2771,0
mult,2.03442e+06,0
deserialize,2263,0
mult,2.04487e+06,0
deserialize,2602,0
mult,2.0336e+06,0
deserialize,2137,0
mult,2.04598e+06,0
deserialize,2877,0
mult,2.03524e+06,0
gemm,2.65994e+09,0
wait_all,1.9145e+09,0
deserialize,7220,0
mult,2.12559e+06,0
deserialize,3011,0
mult,2.05321e+06,0
deserialize,2297,0
mult,2.04105e+06,0
deserialize,2480,0
mult,2.04872e+06,0
deserialize,2278,0
mult,2.03866e+06,0
deserialize,2443,0
mult,2.04731e+06,0
deserialize,2398,0
mult,2.04444e+06,0
deserialize,2584,0
mult,2.03761e+06,0
deserialize,2127,0
mult,2.04437e+06,0
deserialize,2499,0
mult,2.03808e+06,0
deserialize,2340,0
mult,2.04604e+06,0
deserialize,2503,0
mult,2.03717e+06,0
deserialize,2371,0
mult,2.04564e+06,0
deserialize,2446,0
mult,2.03757e+06,0
deserialize,2175,0
mult,2.04531e+06,0
deserialize,2447,0
mult,2.03905e+06,0
deserialize,2578,0
mult,2.0446e+06,0
deserialize,2486,0
mult,2.03831e+06,0
deserialize,2459,0
mult,2.04476e+06,0
deserialize,2457,0
mult,2.038e+06,0
deserialize,2517,0
mult,2.04416e+06,0
deserialize,2711,0
mult,2.03824e+06,0
deserialize,2206,0
mult,2.04374e+06,0
deserialize,2407,0
mult,2.04525e+06,0
deserialize,2633,0
mult,2.04398e+06,0
deserialize,2538,0
mult,2.03811e+06,0
deserialize,2216,0
mult,2.04822e+06,0
deserialize,2116,0
mult,2.04025e+06,0
deserialize,2400,0
mult,2.04513e+06,0
deserialize,2599,0
mult,2.03886e+06,0
deserialize,2713,0
mult,2.04588e+06,0
deserialize,2236,0
mult,2.03988e+06,0
deserialize,2220,0
mult,2.04497e+06,0
deserialize,2124,0
mult,2.03878e+06,0
deserialize,2457,0
mult,2.04389e+06,0
deserialize,2295,0
mult,2.03775e+06,0
deserialize,2442,0
mult,2.04448e+06,0
deserialize,2498,0
mult,2.0377e+06,0
deserialize,2162,0
mult,2.04634e+06,0
deserialize,2423,0
mult,2.03768e+06,0
deserialize,2145,0
mult,2.04308e+06,0
deserialize,2238,0
mult,2.03802e+06,0
deserialize,2204,0
mult,2.04576e+06,0
deserialize,2420,0
mult,2.03748e+06,0
deserialize,2149,0
mult,2.04846e+06,0
deserialize,2220,0
mult,2.03832e+06,0
deserialize,2620,0
mult,2.04584e+06,0
deserialize,2130,0
mult,2.03905e+06,0
deserialize,2299,0
mult,2.0468e+06,0
deserialize,2318,0
mult,2.03787e+06,0
deserialize,2084,0
mult,2.0418e+06,0
deserialize,2543,0
mult,2.04578e+06,0
deserialize,2510,0
mult,2.03817e+06,0
deserialize,2215,0
mult,2.04289e+06,0
deserialize,2775,0
mult,2.03863e+06,0
deserialize,2416,0
mult,2.0443e+06,0
deserialize,2703,0
mult,2.03803e+06,0
deserialize,2291,0
mult,2.04404e+06,0
deserialize,2440,0
mult,2.03622e+06,0
deserialize,2167,0
mult,2.04529e+06,0
deserialize,2431,0
mult,2.03684e+06,0
deserialize,2241,0
mult,2.04487e+06,0
deserialize,2437,0
mult,2.03808e+06,0
deserialize,2460,0
mult,2.04596e+06,0
deserialize,2565,0
mult,2.03754e+06,0
deserialize,2443,0
mult,2.04959e+06,0
deserialize,2484,0
mult,2.04015e+06,0
deserialize,2131,0
mult,2.0465e+06,0
deserialize,2697,0
mult,2.04138e+06,0
deserialize,2196,0
mult,2.04731e+06,0
deserialize,2701,0
mult,2.03878e+06,0
deserialize,2350,0
mult,2.04462e+06,0
deserialize,2227,0
mult,2.03865e+06,0
deserialize,2555,0
mult,2.04498e+06,0
deserialize,2090,0
mult,2.03855e+06,0
deserialize,2142,0
mult,2.04435e+06,0
deserialize,2505,0
mult,2.03892e+06,0
deserialize,2160,0
mult,2.0446e+06,0
deserialize,2420,0
mult,2.03746e+06,0
deserialize,2278,0
mult,2.04248e+06,0
deserialize,2401,0
mult,2.03792e+06,0
deserialize,2223,0
mult,2.04385e+06,0
deserialize,2352,0
mult,2.03846e+06,0
deserialize,2749,0
mult,2.04342e+06,0
deserialize,2629,0
mult,2.03794e+06,0
deserialize,2123,0
mult,2.04445e+06,0
deserialize,2176,0
mult,2.04084e+06,0
deserialize,2362,0
mult,2.04691e+06,0
deserialize,2416,0
mult,2.03649e+06,0
deserialize,2210,0
mult,2.04279e+06,0
deserialize,2355,0
mult,2.04063e+06,0
deserialize,2234,0
mult,2.0434e+06,0
deserialize,2146,0
mult,2.03931e+06,0
deserialize,2467,0
mult,2.0488e+06,0
deserialize,2169,0
mult,2.04272e+06,0
deserialize,2535,0
mult,2.03621e+06,0
deserialize,2314,0
mult,2.0452e+06,0
deserialize,2432,0
mult,2.03922e+06,0
deserialize,2251,0
mult,2.04312e+06,0
deserialize,2573,0
mult,2.03933e+06,0
deserialize,2233,0
mult,2.04373e+06,0
deserialize,2430,0
mult,2.03767e+06,0
deserialize,2339,0
mult,2.04192e+06,0
deserialize,2620,0
mult,2.0394e+06,0
deserialize,2260,0
mult,2.0442e+06,0
deserialize,2610,0
mult,2.03947e+06,0
deserialize,2200,0
mult,2.04538e+06,0
deserialize,2610,0
mult,2.04335e+06,0
deserialize,2362,0
mult,2.04509e+06,0
deserialize,2397,0
mult,2.0377e+06,0
deserialize,2170,0
mult,2.04794e+06,0
deserialize,2512,0
mult,2.0397e+06,0
deserialize,2176,0
mult,2.04353e+06,0
deserialize,2233,0
mult,2.03871e+06,0
deserialize,2406,0
mult,2.04427e+06,0
deserialize,2417,0
mult,2.03955e+06,0
deserialize,2231,0
mult,2.04546e+06,0
deserialize,2179,0
mult,2.03989e+06,0
deserialize,2385,0
mult,2.04429e+06,0
deserialize,2500,0
mult,2.03813e+06,0
deserialize,2129,0
mult,2.04365e+06,0
deserialize,2375,0
mult,2.03782e+06,0
deserialize,2058,0
mult,2.04293e+06,0
deserialize,2301,0
mult,2.03856e+06,0
deserialize,2578,0
mult,2.04291e+06,0
deserialize,2469,0
mult,2.03742e+06,0
deserialize,2148,0
mult,2.04715e+06,0
deserialize,2326,0
mult,2.03734e+06,0
deserialize,2292,0
mult,2.04772e+06,0
deserialize,2143,0
mult,2.03846e+06,0
deserialize,2390,0
mult,2.04302e+06,0
deserialize,2153,0
mult,2.03832e+06,0
deserialize,2082,0
mult,2.0434e+06,0
deserialize,2167,0
mult,2.03818e+06,0
deserialize,2344,0
mult,2.04479e+06,0
deserialize,2075,0
mult,2.03924e+06,0
deserialize,2429,0
mult,2.04407e+06,0
deserialize,2152,0
mult,2.03712e+06,0
deserialize,2627,0
mult,2.04438e+06,0
deserialize,2313,0
mult,2.04469e+06,0
deserialize,2627,0
mult,2.03762e+06,0
deserialize,2107,0
mult,2.04425e+06,0
deserialize,2976,0
mult,2.03758e+06,0
deserialize,2148,0
mult,2.04222e+06,0
deserialize,2430,0
mult,2.03577e+06,0
deserialize,2177,0
mult,2.04403e+06,0
deserialize,2600,0
mult,2.03837e+06,0
deserialize,2317,0
mult,2.04306e+06,0
deserialize,2603,0
mult,2.03695e+06,0
deserialize,2180,0
mult,2.05096e+06,0
deserialize,2512,0
mult,2.03876e+06,0
deserialize,2236,0
mult,2.04429e+06,0
deserialize,2447,0
mult,2.04013e+06,0
deserialize,2174,0
mult,2.04346e+06,0
deserialize,2661,0
mult,2.03662e+06,0
deserialize,2133,0
mult,2.04413e+06,0
deserialize,2513,0
mult,2.03956e+06,0
deserialize,2327,0
mult,2.04414e+06,0
deserialize,2379,0
mult,2.0378e+06,0
deserialize,2372,0
mult,2.04652e+06,0
deserialize,2504,0
mult,2.03856e+06,0
deserialize,2266,0
mult,2.04495e+06,0
deserialize,2186,0
mult,2.03885e+06,0
deserialize,2139,0
mult,2.04407e+06,0
deserialize,2435,0
mult,2.03796e+06,0
deserialize,2186,0
mult,2.04336e+06,0
deserialize,2390,0
mult,2.03698e+06,0
deserialize,2327,0
mult,2.04319e+06,0
deserialize,2273,0
mult,2.03845e+06,0
deserialize,2448,0
mult,2.04524e+06,0
deserialize,2346,0
mult,2.04306e+06,0
deserialize,2174,0
mult,2.0454e+06,0
deserialize,2229,0
mult,2.03529e+06,0
deserialize,2282,0
mult,2.04798e+06,0
deserialize,2412,0
mult,2.03955e+06,0
deserialize,2256,0
mult,2.0441e+06,0
deserialize,2213,0
mult,2.03828e+06,0
deserialize,2481,0
mult,2.04419e+06,0
deserialize,2348,0
mult,2.03707e+06,0
deserialize,2210,0
mult,2.04388e+06,0
deserialize,2391,0
mult,2.03981e+06,0
deserialize,2234,0
mult,2.04435e+06,0
deserialize,2142,0
mult,2.03741e+06,0
deserialize,2310,0
mult,2.04359e+06,0
deserialize,2281,0
mult,2.04376e+06,0
deserialize,2641,0
mult,2.03917e+06,0
deserialize,2240,0
mult,2.04381e+06,0
deserialize,2442,0
mult,2.03866e+06,0
deserialize,2177,0
mult,2.04678e+06,0
deserialize,2453,0
mult,2.03842e+06,0
deserialize,2183,0
mult,2.04235e+06,0
deserialize,2613,0
mult,2.04268e+06,0
deserialize,2393,0
mult,2.04459e+06,0
deserialize,2590,0
mult,2.03754e+06,0
deserialize,2423,0
mult,2.04416e+06,0
deserialize,2490,0
mult,2.04092e+06,0
deserialize,2359,0
mult,2.04199e+06,0
deserialize,2443,0
mult,2.03824e+06,0
deserialize,2270,0
mult,2.04389e+06,0
deserialize,2702,0
mult,2.03898e+06,0
deserialize,2717,0
mult,2.04638e+06,0
deserialize,2427,0
mult,2.03866e+06,0
deserialize,2510,0
mult,2.04471e+06,0
deserialize,2570,0
mult,2.03973e+06,0
deserialize,2226,0
mult,2.0447e+06,0
deserialize,2170,0
mult,2.04009e+06,0
deserialize,2266,0
mult,2.04598e+06,0
deserialize,2474,0
mult,2.04099e+06,0
deserialize,2303,0
mult,2.0458e+06,0
deserialize,2287,0
mult,2.03828e+06,0
deserialize,2164,0
mult,2.04474e+06,0
deserialize,2387,0
mult,2.04025e+06,0
deserialize,2437,0
mult,2.04811e+06,0
deserialize,2334,0
mult,8.84016e+06,0
deserialize,2556,0
mult,7.34924e+07,0
deserialize,4675,0
mult,5.93539e+07,0
deserialize,4248,0
mult,6.19253e+07,0
deserialize,22120,0
mult,2.56655e+07,0
deserialize,8304,0
mult,4.54419e+06,0
deserialize,4595,0
mult,2.04452e+06,0
deserialize,4566,0
mult,2.04184e+06,0
deserialize,4446,0
mult,2.04784e+06,0
deserialize,4436,0
mult,2.04566e+06,0
deserialize,4678,0
mult,2.04354e+06,0
deserialize,3499,0
mult,2.04004e+06,0
deserialize,3682,0
mult,2.04175e+06,0
deserialize,3746,0
mult,2.04078e+06,0
deserialize,3631,0
mult,2.04214e+06,0
deserialize,3854,0
mult,2.03958e+06,0
deserialize,3690,0
mult,2.04046e+06,0
deserialize,3635,0
mult,2.03858e+06,0
deserialize,3617,0
mult,2.04328e+06,0
deserialize,3527,0
mult,2.03766e+06,0
deserialize,3644,0
mult,2.03876e+06,0
deserialize,3520,0
mult,2.04366e+06,0
deserialize,3763,0
mult,2.03414e+06,0
deserialize,3642,0
mult,2.04538e+06,0
deserialize,3634,0
mult,2.03494e+06,0
deserialize,3209,0
mult,2.04687e+06,0
deserialize,3629,0
mult,2.03516e+06,0
deserialize,3366,0
mult,2.0445e+06,0
deserialize,3676,0
mult,2.03499e+06,0
deserialize,3587,0
mult,2.04702e+06,0
deserialize,3757,0
mult,2.03512e+06,0
deserialize,3466,0
mult,2.04598e+06,0
deserialize,3625,0
mult,2.03558e+06,0
deserialize,3580,0
mult,2.04636e+06,0
deserialize,3647,0
mult,2.03429e+06,0
deserialize,3709,0
mult,2.04522e+06,0
deserialize,3555,0
mult,2.03341e+06,0
deserialize,3530,0
mult,2.046e+06,0
deserialize,3578,0
mult,2.03452e+06,0
deserialize,3859,0
mult,2.04717e+06,0
deserialize,3550,0
mult,2.03509e+06,0
deserialize,3698,0
mult,2.04751e+06,0
deserialize,3398,0
mult,2.03587e+06,0
gemm,2.65434e+09,0
wait_all,1.90605e+09,0
deserialize,6871,0
mult,2.15199e+06,0
deserialize,4446,0
mult,2.05351e+06,0
deserialize,3776,0
mult,2.03666e+06,0
deserialize,3383,0
mult,2.04901e+06,0
deserialize,3557,0
mult,2.04186e+06,0
deserialize,3500,0
mult,2.04595e+06,0
deserialize,3429,0
mult,2.03798e+06,0
deserialize,3303,0
mult,2.05941e+06,0
deserialize,3472,0
mult,2.04005e+06,0
deserialize,3408,0
mult,2.04425e+06,0
deserialize,3617,0
mult,2.03855e+06,0
deserialize,3362,0
mult,2.04434e+06,0
deserialize,3617,0
mult,2.03746e+06,0
deserialize,3353,0
mult,2.05031e+06,0
deserialize,3282,0
mult,2.0384e+06,0
deserialize,3398,0
mult,2.04285e+06,0
deserialize,3256,0
mult,2.04639e+06,0
deserialize,3410,0
mult,2.03924e+06,0
deserialize,3393,0
mult,2.04528e+06,0
deserialize,3527,0
mult,2.03924e+06,0
deserialize,3324,0
mult,2.04472e+06,0
deserialize,3593,0
mult,2.03972e+06,0
deserialize,3471,0
mult,2.04904e+06,0
deserialize,3430,0
mult,2.03805e+06,0
deserialize,3149,0
mult,2.04327e+06,0
deserialize,3523,0
mult,2.04031e+06,0
deserialize,3413,0
mult,2.04622e+06,0
deserialize,3370,0
mult,2.03757e+06,0
deserialize,3458,0
mult,2.04403e+06,0
deserialize,3466,0
mult,2.0391e+06,0
deserialize,3647,0
mult,2.04319e+06,0
deserialize,3579,0
mult,2.04303e+06,0
deserialize,3535,0
mult,2.04382e+06,0
deserialize,3358,0
mult,2.03834e+06,0
deserialize,3363,0
mult,2.04423e+06,0
deserialize,3468,0
mult,2.04012e+06,0
deserialize,3404,0
mult,2.0446e+06,0
deserialize,3624,0
mult,2.03835e+06,0
deserialize,3447,0
mult,2.04504e+06,0
deserialize,3418,0
mult,2.03904e+06,0
deserialize,3319,0
mult,2.04818e+06,0
deserialize,3616,0
mult,2.03874e+06,0
deserialize,3470,0
mult,2.04524e+06,0
deserialize,3277,0
mult,2.03817e+06,0
deserialize,3276,0
mult,2.04612e+06,0
deserialize,3462,0
mult,2.03762e+06,0
deserialize,3389,0
mult,2.04421e+06,0
deserialize,3381,0
mult,2.03673e+06,0
deserialize,3481,0
mult,2.04577e+06,0
deserialize,3439,0
mult,2.04312e+06,0
deserialize,3333,0
mult,2.04725e+06,0
deserialize,3506,0
mult,2.03934e+06,0
deserialize,3231,0
mult,2.04409e+06,0
deserialize,3476,0
mult,2.0392e+06,0
deserialize,3557,0
mult,2.04392e+06,0
deserialize,3445,0
mult,2.03906e+06,0
deserialize,3389,0
mult,2.04337e+06,0
deserialize,3460,0
mult,2.04527e+06,0
deserialize,3666,0
mult,2.04186e+06,0
deserialize,3406,0
mult,2.04508e+06,0
deserialize,3431,0
mult,2.03808e+06,0
deserialize,3363,0
mult,2.04834e+06,0
deserialize,3276,0
mult,2.03982e+06,0
deserialize,3461,0
mult,2.04486e+06,0
deserialize,3724,0
mult,2.03796e+06,0
deserialize,3430,0
mult,2.04412e+06,0
deserialize,3457,0
mult,2.03969e+06,0
deserialize,3468,0
mult,2.04916e+06,0
deserialize,3467,0
mult,2.04013e+06,0
deserialize,3442,0
mult,2.04587e+06,0
deserialize,3334,0
mult,2.03915e+06,0
deserialize,3280,0
mult,2.04526e+06,0
deserialize,3308,0
mult,2.03709e+06,0
deserialize,3673,0
mult,2.04404e+06,0
deserialize,3373,0
mult,2.03948e+06,0
deserialize,3528,0
mult,2.04385e+06,0
deserialize,3707,0
mult,2.04147e+06,0
deserialize,3320,0
mult,2.04517e+06,0
deserialize,3350,0
mult,2.03723e+06,0
deserialize,3705,0
mult,2.04515e+06,0
deserialize,3473,0
mult,2.04166e+06,0
deserialize,3370,0
mult,2.04494e+06,0
deserialize,3825,0
mult,2.03776e+06,0
deserialize,3325,0
mult,2.04382e+06,0
deserialize,3560,0
mult,2.0389e+06,0
deserialize,3322,0
mult,2.04543e+06,0
deserialize,3543,0
mult,2.04137e+06,0
deserialize,3550,0
mult,2.0451e+06,0
deserialize,3373,0
mult,2.03922e+06,0
deserialize,3261,0
mult,2.0431e+06,0
deserialize,3374,0
mult,2.03742e+06,0
deserialize,3430,0
mult,2.04307e+06,0
deserialize,3380,0
mult,2.03713e+06,0
deserialize,3377,0
mult,2.04592e+06,0
deserialize,3649,0
mult,2.04258e+06,0
deserialize,3430,0
mult,2.04359e+06,0
deserialize,3366,0
mult,2.03848e+06,0
deserialize,3729,0
mult,2.04221e+06,0
deserialize,3545,0
mult,2.04338e+06,0
deserialize,3196,0
mult,2.04298e+06,0
deserialize,3516,0
mult,2.04398e+06,0
deserialize,3437,0
mult,2.03945e+06,0
deserialize,3395,0
mult,2.04531e+06,0
deserialize,3419,0
mult,2.04158e+06,0
deserialize,3153,0
mult,2.0468e+06,0
deserialize,3447,0
mult,2.03897e+06,0
deserialize,3396,0
mult,2.04432e+06,0
deserialize,3551,0
mult,2.03915e+06,0
deserialize,3423,0
mult,2.04422e+06,0
deserialize,3640,0
mult,2.03894e+06,0
deserialize,3409,0
mult,2.04492e+06,0
deserialize,3232,0
mult,2.03874e+06,0
deserialize,3377,0
mult,2.0504e+06,0
deserialize,3297,0
mult,2.03889e+06,0
deserialize,3469,0
mult,2.04171e+06,0
deserialize,3378,0
mult,2.03635e+06,0
deserialize,3449,0
mult,2.04765e+06,0
deserialize,3414,0
mult,2.03885e+06,0
deserialize,3377,0
mult,2.04609e+06,0
deserialize,3555,0
mult,2.03829e+06,0
deserialize,3558,0
mult,2.04659e+06,0
deserialize,3373,0
mult,2.0411e+06,0
deserialize,3480,0
mult,2.04328e+06,0
deserialize,3321,0
mult,2.03765e+06,0
deserialize,3496,0
mult,2.0451e+06,0
deserialize,3494,0
mult,2.03945e+06,0
deserialize,3351,0
mult,2.04429e+06,0
deserialize,3340,0
mult,2.03927e+06,0
deserialize,3305,0
mult,2.04476e+06,0
deserialize,3526,0
mult,2.03891e+06,0
deserialize,3616,0
mult,2.05083e+06,0
deserialize,3422,0
mult,2.03929e+06,0
deserialize,3379,0
mult,2.04483e+06,0
deserialize,3391,0
mult,2.0371e+06,0
deserialize,3427,0
mult,2.04507e+06,0
deserialize,3321,0
mult,2.03843e+06,0
deserialize,3369,0
mult,2.04414e+06,0
deserialize,3436,0
mult,2.03696e+06,0
deserialize,3383,0
mult,2.04404e+06,0
deserialize,3564,0
mult,2.04246e+06,0
deserialize,3529,0
mult,2.04522e+06,0
deserialize,3458,0
mult,2.03831e+06,0
deserialize,3409,0
mult,2.04423e+06,0
deserialize,3670,0
mult,2.04662e+06,0
deserialize,3637,0
mult,2.03721e+06,0
deserialize,3327,0
mult,2.04447e+06,0
deserialize,3617,0
mult,2.03802e+06,0
deserialize,3509,0
mult,2.04412e+06,0
deserialize,3528,0
mult,2.04376e+06,0
deserialize,3452,0
mult,2.04673e+06,0
deserialize,3648,0
mult,2.03865e+06,0
deserialize,3305,0
mult,2.04298e+06,0
deserialize,3578,0
mult,2.03904e+06,0
deserialize,3459,0
mult,2.04493e+06,0
deserialize,3499,0
mult,2.03735e+06,0
deserialize,3205,0
mult,2.04252e+06,0
deserialize,3506,0
mult,2.04002e+06,0
deserialize,3718,0
mult,2.04552e+06,0
deserialize,3380,0
mult,2.03798e+06,0
deserialize,3354,0
mult,2.04435e+06,0
deserialize,3602,0
mult,2.03646e+06,0
deserialize,3427,0
mult,2.04782e+06,0
deserialize,3714,0
mult,2.03753e+06,0
deserialize,3378,0
mult,2.04317e+06,0
deserialize,3822,0
mult,2.03749e+06,0
deserialize,3506,0
mult,2.04491e+06,0
deserialize,3536,0
mult,2.04564e+06,0
deserialize,3460,0
mult,2.04652e+06,0
deserialize,3806,0
mult,2.03876e+06,0
deserialize,3359,0
mult,2.04467e+06,0
deserialize,3260,0
mult,2.03989e+06,0
deserialize,3363,0
mult,2.04574e+06,0
deserialize,3710,0
mult,2.0385e+06,0
deserialize,3570,0
mult,2.04414e+06,0
deserialize,3492,0
mult,2.03819e+06,0
deserialize,3379,0
mult,2.04621e+06,0
deserialize,3419,0
mult,2.03806e+06,0
deserialize,3448,0
mult,2.04386e+06,0
deserialize,3686,0
mult,2.03679e+06,0
deserialize,3442,0
mult,2.19948e+06,0
deserialize,3784,0
mult,2.03662e+06,0
deserialize,3400,0
mult,2.04208e+06,0
deserialize,3404,0
mult,2.04326e+06,0
deserialize,3573,0
mult,2.03887e+06,0
deserialize,3459,0
mult,2.05012e+06,0
deserialize,3457,0
mult,2.04022e+06,0
deserialize,3372,0
mult,2.04551e+06,0
deserialize,3526,0
mult,2.03819e+06,0
deserialize,3310,0
mult,2.04659e+06,0
deserialize,3358,0
mult,2.04053e+06,0
deserialize,3258,0
mult,2.04355e+06,0
deserialize,3282,0
mult,2.03789e+06,0
deserialize,3221,0
mult,2.0444e+06,0
deserialize,3301,0
mult,2.04008e+06,0
deserialize,3250,0
mult,2.04339e+06,0
deserialize,3692,0
mult,2.04028e+06,0
deserialize,3430,0
mult,2.04288e+06,0
deserialize,3610,0
mult,2.04447e+06,0
deserialize,3299,0
mult,2.04518e+06,0
deserialize,3626,0
mult,2.0376e+06,0
deserialize,3680,0
mult,2.0439e+06,0
deserialize,3639,0
mult,2.03888e+06,0
deserialize,3640,0
mult,2.04873e+06,0
deserialize,3376,0
mult,2.04015e+06,0
deserialize,3640,0
mult,2.04603e+06,0
deserialize,3375,0
mult,2.03927e+06,0
deserialize,3484,0
mult,2.04662e+06,0
deserialize,3417,0
mult,2.04063e+06,0
deserialize,3539,0
mult,2.04506e+06,0
deserialize,3596,0
mult,2.03924e+06,0
deserialize,3664,0
mult,2.04494e+06,0
deserialize,3693,0
mult,2.04325e+06,0
deserialize,3743,0
mult,2.04592e+06,0
deserialize,3415,0
mult,9.88858e+06,0
deserialize,4321,0
mult,7.35727e+07,0
deserialize,7070,0
mult,5.96164e+07,0
deserialize,3944,0
mult,6.216e+07,0
deserialize,23412,0
mult,2.52012e+07,0
deserialize,7983,0
mult,4.52593e+06,0
deserialize,4522,0
mult,2.03643e+06,0
deserialize,4562,0
mult,2.14677e+06,0
deserialize,4527,0
mult,2.03969e+06,0
deserialize,4176,0
mult,2.08327e+06,0
deserialize,4736,0
mult,2.03867e+06,0
deserialize,4468,0
mult,2.13905e+06,0
deserialize,4267,0
mult,2.03717e+06,0
deserialize,4478,0
mult,2.08191e+06,0
deserialize,3764,0
mult,2.0351e+06,0
deserialize,4073,0
mult,2.14414e+06,0
deserialize,3584,0
mult,2.03477e+06,0
deserialize,3580,0
mult,2.07808e+06,0
deserialize,3600,0
mult,2.03464e+06,0
deserialize,3491,0
mult,2.13515e+06,0
deserialize,3601,0
mult,2.03423e+06,0
deserialize,3354,0
mult,2.07983e+06,0
deserialize,3554,0
mult,2.03475e+06,0
deserialize,3303,0
mult,2.13599e+06,0
deserialize,3532,0
mult,2.0403e+06,0
deserialize,3787,0
mult,2.07374e+06,0
deserialize,3458,0
mult,2.04084e+06,0
deserialize,3770,0
mult,2.12747e+06,0
deserialize,3450,0
mult,2.03925e+06,0
deserialize,3740,0
mult,2.0731e+06,0
deserialize,3527,0
mult,2.04175e+06,0
deserialize,3683,0
mult,2.12916e+06,0
deserialize,3500,0
mult,2.04001e+06,0
deserialize,3510,0
mult,2.07098e+06,0
deserialize,3448,0
mult,2.03945e+06,0
deserialize,3473,0
mult,2.13221e+06,0
deserialize,3721,0
mult,2.04147e+06,0
deserialize,3890,0
mult,2.0761e+06,0
deserialize,3819,0
mult,2.0402e+06,0
deserialize,3374,0
mult,2.12749e+06,0
deserialize,3487,0
mult,2.03976e+06,0
deserialize,3370,0
mult,2.06993e+06,0
deserialize,3387,0
mult,2.04068e+06,0
gemm,2.64575e+09,0
wait_all,1.88804e+09,0
deserialize,7907,0
mult,2.1932e+06,0
deserialize,3855,0
mult,2.09086e+06,0
deserialize,3722,0
mult,2.08764e+06,0
deserialize,3399,0
mult,2.09406e+06,0
deserialize,3480,0
mult,2.08343e+06,0
deserialize,3528,0
mult,2.08781e+06,0
deserialize,3497,0
mult,2.08026e+06,0
deserialize,3378,0
mult,2.09182e+06,0
deserialize,3583,0
mult,2.08641e+06,0
deserialize,3297,0
mult,2.09412e+06,0
deserialize,3437,0
mult,2.08563e+06,0
deserialize,3460,0
mult,2.08798e+06,0
deserialize,3647,0
mult,2.07968e+06,0
deserialize,3655,0
mult,2.09105e+06,0
deserialize,3550,0
mult,2.08464e+06,0
deserialize,3330,0
mult,2.0936e+06,0
deserialize,3401,0
mult,2.0821e+06,0
deserialize,3480,0
mult,2.08759e+06,0
deserialize,3685,0
mult,2.07893e+06,0
deserialize,3423,0
mult,2.09171e+06,0
deserialize,3513,0
mult,2.09071e+06,0
deserialize,3441,0
mult,2.08815e+06,0
deserialize,3694,0
mult,2.08758e+06,0
deserialize,3315,0
mult,2.08162e+06,0
deserialize,3544,0
mult,2.08464e+06,0
deserialize,3560,0
mult,2.08575e+06,0
deserialize,3491,0
mult,2.08966e+06,0
deserialize,3573,0
mult,2.08886e+06,0
deserialize,3480,0
mult,2.08878e+06,0
deserialize,3973,0
mult,2.08448e+06,0
deserialize,3763,0
mult,2.08561e+06,0
deserialize,3365,0
mult,2.08387e+06,0
deserialize,3456,0
mult,2.08838e+06,0
deserialize,3487,0
mult,2.08811e+06,0
deserialize,3490,0
mult,2.08864e+06,0
deserialize,3473,0
mult,2.08604e+06,0
deserialize,3430,0
mult,2.08471e+06,0
deserialize,3820,0
mult,2.08148e+06,0
deserialize,3530,0
mult,2.08578e+06,0
deserialize,3508,0
mult,2.08791e+06,0
deserialize,3737,0
mult,2.08777e+06,0
deserialize,3453,0
mult,2.09128e+06,0
deserialize,3512,0
mult,2.08099e+06,0
deserialize,3444,0
mult,2.09037e+06,0
deserialize,3300,0
mult,2.07942e+06,0
deserialize,3346,0
mult,2.0971e+06,0
deserialize,3886,0
mult,2.08199e+06,0
deserialize,3270,0
mult,2.09395e+06,0
deserialize,3813,0
mult,2.08075e+06,0
deserialize,3531,0
mult,2.09063e+06,0
deserialize,3469,0
mult,2.07988e+06,0
deserialize,3419,0
mult,2.09438e+06,0
deserialize,3432,0
mult,2.08296e+06,0
deserialize,3807,0
mult,2.09188e+06,0
deserialize,3407,0
mult,2.08132e+06,0
deserialize,3414,0
mult,2.09078e+06,0
deserialize,3590,0
mult,2.07779e+06,0
deserialize,3734,0
mult,2.09217e+06,0
deserialize,3788,0
mult,2.08289e+06,0
deserialize,3405,0
mult,2.09272e+06,0
deserialize,3514,0
mult,2.0811e+06,0
deserialize,3310,0
mult,2.0954e+06,0
deserialize,3657,0
mult,2.08536e+06,0
deserialize,3478,0
mult,2.0873e+06,0
deserialize,3604,0
mult,2.08627e+06,0
deserialize,3726,0
mult,2.08664e+06,0
deserialize,3667,0
mult,2.0891e+06,0
deserialize,3384,0
mult,2.08477e+06,0
deserialize,3522,0
mult,2.08717e+06,0
deserialize,3466,0
mult,2.08735e+06,0
deserialize,3867,0
mult,2.08739e+06,0
deserialize,3303,0
mult,2.08714e+06,0
deserialize,3570,0
mult,2.09132e+06,0
deserialize,3486,0
mult,2.08457e+06,0
deserialize,3415,0
mult,2.09061e+06,0
deserialize,3414,0
mult,2.08484e+06,0
deserialize,3473,0
mult,2.08835e+06,0
deserialize,3499,0
mult,2.0833e+06,0
deserialize,3523,0
mult,2.08987e+06,0
deserialize,3724,0
mult,2.08781e+06,0
deserialize,3458,0
mult,2.08996e+06,0
deserialize,3494,0
mult,2.0861e+06,0
deserialize,3636,0
mult,2.0883e+06,0
deserialize,3770,0
mult,2.08459e+06,0
deserialize,3525,0
mult,2.08825e+06,0
deserialize,3512,0
mult,2.09335e+06,0
deserialize,3648,0
mult,2.08499e+06,0
deserialize,3767,0
mult,2.09202e+06,0
deserialize,3800,0
mult,2.08077e+06,0
deserialize,3513,0
mult,2.0871e+06,0
deserialize,3851,0
mult,2.0844e+06,0
deserialize,3603,0
mult,2.09255e+06,0
deserialize,3704,0
mult,2.08433e+06,0
deserialize,3466,0
mult,2.08962e+06,0
deserialize,3838,0
mult,2.08279e+06,0
deserialize,3605,0
mult,2.08616e+06,0
deserialize,3566,0
mult,2.08377e+06,0
deserialize,3372,0
mult,2.0945e+06,0
deserialize,3573,0
mult,2.08593e+06,0
deserialize,3696,0
mult,2.08953e+06,0
deserialize,3531,0
mult,2.07855e+06,0
deserialize,3556,0
mult,2.08503e+06,0
deserialize,3746,0
mult,2.08227e+06,0
deserialize,3363,0
mult,2.10217e+06,0
deserialize,3573,0
mult,2.08615e+06,0
deserialize,3460,0
mult,2.09027e+06,0
deserialize,3504,0
mult,2.0866e+06,0
deserialize,3450,0
mult,2.08015e+06,0
deserialize,3571,0
mult,2.09168e+06,0
deserialize,3576,0
mult,2.08539e+06,0
deserialize,3737,0
mult,2.09106e+06,0
deserialize,3493,0
mult,2.08317e+06,0
deserialize,3422,0
mult,2.08829e+06,0
deserialize,3834,0
mult,2.08024e+06,0
deserialize,3579,0
mult,2.08938e+06,0
deserialize,3648,0
mult,2.08402e+06,0
deserialize,3529,0
mult,2.0916e+06,0
deserialize,3718,0
mult,2.0839e+06,0
deserialize,4031,0
mult,2.08924e+06,0
deserialize,3517,0
mult,2.07707e+06,0
deserialize,3534,0
mult,2.08948e+06,0
deserialize,3833,0
mult,2.08299e+06,0
deserialize,3510,0
mult,2.09354e+06,0
deserialize,3373,0
mult,2.08223e+06,0
deserialize,3634,0
mult,2.08939e+06,0
deserialize,3754,0
mult,2.07768e+06,0
deserialize,3522,0
mult,2.08811e+06,0
deserialize,3610,0
mult,2.08663e+06,0
deserialize,3570,0
mult,2.08543e+06,0
deserialize,3440,0
mult,2.08634e+06,0
deserialize,3622,0
mult,2.08592e+06,0
deserialize,3756,0
mult,2.0851e+06,0
deserialize,3309,0
mult,2.0837e+06,0
deserialize,3491,0
mult,2.08522e+06,0
deserialize,3521,0
mult,2.08791e+06,0
deserialize,3672,0
mult,2.08775e+06,0
deserialize,3591,0
mult,2.08612e+06,0
deserialize,3433,0
mult,2.08589e+06,0
deserialize,3463,0
mult,2.08398e+06,0
deserialize,3542,0
mult,2.08671e+06,0
deserialize,3695,0
mult,2.08359e+06,0
deserialize,3561,0
mult,2.08773e+06,0
deserialize,3409,0
mult,2.08595e+06,0
deserialize,3670,0
mult,2.08604e+06,0
deserialize,3697,0
mult,2.0828e+06,0
deserialize,3363,0
mult,2.08591e+06,0
deserialize,3640,0
mult,2.08424e+06,0
deserialize,3257,0
mult,2.08791e+06,0
deserialize,3483,0
mult,2.0856e+06,0
deserialize,3438,0
mult,2.08707e+06,0
deserialize,3508,0
mult,2.08929e+06,0
deserialize,3361,0
mult,2.07947e+06,0
deserialize,3740,0
mult,2.08972e+06,0
deserialize,3470,0
mult,2.08289e+06,0
deserialize,3590,0
mult,2.09083e+06,0
deserialize,3635,0
mult,2.08333e+06,0
deserialize,3614,0
mult,2.08951e+06,0
deserialize,3499,0
mult,2.08026e+06,0
deserialize,3508,0
mult,2.09033e+06,0
deserialize,3615,0
mult,2.08125e+06,0
deserialize,3574,0
mult,2.09055e+06,0
deserialize,3606,0
mult,2.08187e+06,0
deserialize,3675,0
mult,2.09172e+06,0
deserialize,3569,0
mult,2.08249e+06,0
deserialize,3816,0
mult,2.08999e+06,0
deserialize,3745,0
mult,2.08095e+06,0
deserialize,3442,0
mult,2.09015e+06,0
deserialize,3383,0
mult,2.08346e+06,0
deserialize,3784,0
mult,2.09168e+06,0
deserialize,3497,0
mult,2.08193e+06,0
deserialize,3597,0
mult,2.09442e+06,0
deserialize,3698,0
mult,2.08696e+06,0
deserialize,3570,0
mult,2.08281e+06,0
deserialize,3501,0
mult,2.08933e+06,0
deserialize,3717,0
mult,2.0861e+06,0
deserialize,3422,0
mult,2.08976e+06,0
deserialize,3783,0
mult,2.08364e+06,0
deserialize,3530,0
mult,2.08841e+06,0
deserialize,3570,0
mult,2.08222e+06,0
deserialize,3553,0
mult,2.08904e+06,0
deserialize,3693,0
mult,2.08693e+06,0
deserialize,3677,0
mult,2.09156e+06,0
deserialize,3425,0
mult,2.08395e+06,0
deserialize,3475,0
mult,2.08764e+06,0
deserialize,3686,0
mult,2.08112e+06,0
deserialize,3287,0
mult,2.08844e+06,0
deserialize,3522,0
mult,2.08546e+06,0
deserialize,3405,0
mult,2.0914e+06,0
deserialize,3780,0
mult,2.08233e+06,0
deserialize,3307,0
mult,2.08664e+06,0
deserialize,3790,0
mult,2.0807e+06,0
deserialize,3349,0
mult,2.08839e+06,0
deserialize,3511,0
mult,2.08708e+06,0
deserialize,3526,0
mult,2.09288e+06,0
deserialize,3863,0
mult,2.08824e+06,0
deserialize,3349,0
mult,2.07968e+06,0
deserialize,3547,0
mult,2.08524e+06,0
deserialize,3414,0
mult,2.08373e+06,0
deserialize,3351,0
mult,2.09391e+06,0
deserialize,3520,0
mult,2.08337e+06,0
deserialize,3810,0
mult,2.09199e+06,0
deserialize,3599,0
mult,2.08592e+06,0
deserialize,3605,0
mult,2.09143e+06,0
deserialize,3410,0
mult,2.08482e+06,0
deserialize,3447,0
mult,2.08997e+06,0
deserialize,3523,0
mult,2.08502e+06,0
deserialize,3526,0
mult,2.09659e+06,0
deserialize,3555,0
mult,2.08416e+06,0
deserialize,3473,0
mult,2.09268e+06,0
deserialize,3835,0
mult,2.09239e+06,0
deserialize,3457,0
mult,2.08323e+06,0
deserialize,3686,0
mult,2.08747e+06,0
deserialize,3519,0
mult,2.07229e+06,0
deserialize,3718,0
mult,9.86922e+06,0
deserialize,23773,0
mult,7.3358e+07,0
deserialize,6606,0
mult,5.97896e+07,0
deserialize,6425,0
mult,6.15024e+07,0
deserialize,21543,0
mult,2.57008e+07,0
deserialize,6341,0
mult,4.22534e+06,0
deserialize,4306,0
mult,2.12581e+06,0
deserialize,4330,0
mult,2.10422e+06,0
deserialize,3756,0
mult,2.11354e+06,0
deserialize,3549,0
mult,2.10112e+06,0
deserialize,3778,0
mult,2.10887e+06,0
deserialize,3633,0
mult,2.0945e+06,0
deserialize,3478,0
mult,2.11773e+06,0
deserialize,3499,0
mult,2.10249e+06,0
deserialize,3442,0
mult,2.11243e+06,0
deserialize,3675,0
mult,2.09124e+06,0
deserialize,3593,0
mult,2.11144e+06,0
deserialize,3776,0
mult,2.10385e+06,0
deserialize,3793,0
mult,2.11483e+06,0
deserialize,3696,0
mult,2.09464e+06,0
deserialize,3367,0
mult,2.11909e+06,0
deserialize,3873,0
mult,2.09523e+06,0
deserialize,3917,0
mult,2.12003e+06,0
deserialize,3542,0
mult,2.09508e+06,0
deserialize,3737,0
mult,2.12056e+06,0
deserialize,3616,0
mult,2.10409e+06,0
deserialize,3329,0
mult,2.12128e+06,0
deserialize,3723,0
mult,2.0856e+06,0
deserialize,3473,0
mult,2.1185e+06,0
deserialize,3381,0
mult,2.0985e+06,0
deserialize,3347,0
mult,2.12207e+06,0
deserialize,3484,0
mult,2.08781e+06,0
deserialize,3544,0
mult,2.11844e+06,0
deserialize,3554,0
mult,2.09411e+06,0
deserialize,3451,0
mult,2.11766e+06,0
deserialize,3544,0
mult,2.09284e+06,0
deserialize,3616,0
mult,2.11798e+06,0
deserialize,4320,0
mult,1.98296e+06,0
deserialize,4051,0
mult,2.01359e+06,0
deserialize,4071,0
mult,1.95068e+06,0
deserialize,4157,0
mult,2.00796e+06,0
deserialize,3946,0
mult,1.9507e+06,0
deserialize,4298,0
mult,2.01554e+06,0
gemm,2.64168e+09,0
wait_all,1.88295e+09,0
deserialize,7027,0
mult,2.1765e+06,0
deserialize,3747,0
mult,2.09713e+06,0
deserialize,3590,0
mult,2.09394e+06,0
deserialize,3719,0
mult,2.10563e+06,0
deserialize,3723,0
mult,2.09038e+06,0
deserialize,3578,0
mult,2.09272e+06,0
deserialize,3707,0
mult,2.08795e+06,0
deserialize,3677,0
mult,2.1058e+06,0
deserialize,3585,0
mult,2.09257e+06,0
deserialize,3487,0
mult,2.09796e+06,0
deserialize,3443,0
mult,2.09206e+06,0
deserialize,3555,0
mult,2.0998e+06,0
deserialize,3650,0
mult,2.08612e+06,0
deserialize,3601,0
mult,2.09607e+06,0
deserialize,3489,0
mult,2.09255e+06,0
deserialize,3956,0
mult,2.10704e+06,0
deserialize,3393,0
mult,2.09212e+06,0
deserialize,3620,0
mult,2.0934e+06,0
deserialize,3512,0
mult,2.08643e+06,0
deserialize,3664,0
mult,2.11384e+06,0
deserialize,3564,0
mult,2.08493e+06,0
deserialize,3785,0
mult,2.1051e+06,0
deserialize,3533,0
mult,2.08294e+06,0
deserialize,3570,0
mult,2.10578e+06,0
deserialize,3593,0
mult,2.07899e+06,0
deserialize,3728,0
mult,2.1081e+06,0
deserialize,3648,0
mult,2.0827e+06,0
deserialize,3876,0
mult,2.11271e+06,0
deserialize,3710,0
mult,2.08287e+06,0
deserialize,3839,0
mult,2.1027e+06,0
deserialize,3781,0
mult,2.0801e+06,0
deserialize,3610,0
mult,2.11286e+06,0
deserialize,3711,0
mult,2.08188e+06,0
deserialize,3685,0
mult,2.10438e+06,0
deserialize,3801,0
mult,2.08188e+06,0
deserialize,3940,0
mult,2.10959e+06,0
deserialize,3397,0
mult,2.07858e+06,0
deserialize,3992,0
mult,2.10113e+06,0
deserialize,3790,0
mult,2.08665e+06,0
deserialize,3689,0
mult,2.10713e+06,0
deserialize,3777,0
mult,2.08828e+06,0
deserialize,3707,0
mult,2.09769e+06,0
deserialize,3707,0
mult,2.08606e+06,0
deserialize,3440,0
mult,2.10777e+06,0
deserialize,3360,0
mult,2.08593e+06,0
deserialize,3680,0
mult,2.09597e+06,0
deserialize,3764,0
mult,2.0888e+06,0
deserialize,3597,0
mult,2.10264e+06,0
deserialize,3607,0
mult,2.08776e+06,0
deserialize,3700,0
mult,2.09349e+06,0
deserialize,3545,0
mult,2.08566e+06,0
deserialize,3721,0
mult,2.10588e+06,0
deserialize,3570,0
mult,2.0914e+06,0
deserialize,3766,0
mult,2.096e+06,0
deserialize,3491,0
mult,2.08915e+06,0
deserialize,3569,0
mult,2.10659e+06,0
deserialize,3777,0
mult,2.08539e+06,0
deserialize,3904,0
mult,2.09398e+06,0
deserialize,3558,0
mult,2.09045e+06,0
deserialize,3856,0
mult,2.10784e+06,0
deserialize,3640,0
mult,2.08145e+06,0
deserialize,3890,0
mult,2.1023e+06,0
deserialize,3660,0
mult,2.08013e+06,0
deserialize,3670,0
mult,2.11319e+06,0
deserialize,3981,0
mult,2.08456e+06,0
deserialize,3945,0
mult,2.10426e+06,0
deserialize,3640,0
mult,2.08187e+06,0
deserialize,3517,0
mult,2.11465e+06,0
deserialize,3692,0
mult,2.08174e+06,0
deserialize,3836,0
mult,2.1005e+06,0
deserialize,3790,0
mult,2.08175e+06,0
deserialize,3808,0
mult,2.10573e+06,0
deserialize,3485,0
mult,2.08382e+06,0
deserialize,3903,0
mult,2.10183e+06,0
deserialize,3530,0
mult,2.08417e+06,0
deserialize,3588,0
mult,2.10819e+06,0
deserialize,3663,0
mult,2.08272e+06,0
deserialize,3653,0
mult,2.09858e+06,0
deserialize,3479,0
mult,2.08753e+06,0
deserialize,4082,0
mult,2.10964e+06,0
deserialize,3539,0
mult,2.09001e+06,0
deserialize,3749,0
mult,2.09548e+06,0
deserialize,3477,0
mult,2.08913e+06,0
deserialize,3567,0
mult,2.0972e+06,0
deserialize,3518,0
mult,2.08971e+06,0
deserialize,3616,0
mult,2.09752e+06,0
deserialize,3525,0
mult,2.08934e+06,0
deserialize,3725,0
mult,2.10054e+06,0
deserialize,3552,0
mult,2.08845e+06,0
deserialize,3816,0
mult,2.09003e+06,0
deserialize,3468,0
mult,2.08987e+06,0
deserialize,3621,0
mult,2.10628e+06,0
deserialize,3543,0
mult,2.09162e+06,0
deserialize,3718,0
mult,2.09448e+06,0
deserialize,3445,0
mult,2.08858e+06,0
deserialize,3672,0
mult,2.09772e+06,0
deserialize,3371,0
mult,2.09063e+06,0
deserialize,3624,0
mult,2.09617e+06,0
deserialize,3449,0
mult,2.09314e+06,0
deserialize,3865,0
mult,2.10575e+06,0
deserialize,3450,0
mult,2.08114e+06,0
deserialize,3945,0
mult,2.09449e+06,0
deserialize,3535,0
mult,2.08234e+06,0
deserialize,4030,0
mult,2.11113e+06,0
deserialize,3614,0
mult,2.08637e+06,0
deserialize,3977,0
mult,2.09964e+06,0
deserialize,3484,0
mult,2.07999e+06,0
deserialize,3895,0
mult,2.10312e+06,0
deserialize,4008,0
mult,2.08674e+06,0
deserialize,3640,0
mult,2.10183e+06,0
deserialize,3852,0
mult,2.08634e+06,0
deserialize,3807,0
mult,2.10672e+06,0
deserialize,3826,0
mult,2.08324e+06,0
deserialize,3605,0
mult,2.09552e+06,0
deserialize,3734,0
mult,2.08538e+06,0
deserialize,3763,0
mult,2.10864e+06,0
deserialize,3862,0
mult,2.08727e+06,0
deserialize,3586,0
mult,2.09964e+06,0
deserialize,3553,0
mult,2.08547e+06,0
deserialize,3575,0
mult,2.10246e+06,0
deserialize,3505,0
mult,2.08959e+06,0
deserialize,3712,0
mult,2.09256e+06,0
deserialize,3679,0
mult,2.09588e+06,0
deserialize,3917,0
mult,2.10052e+06,0
deserialize,3641,0
mult,2.09169e+06,0
deserialize,3814,0
mult,2.0903e+06,0
deserialize,3570,0
mult,2.09086e+06,0
deserialize,3582,0
mult,2.10086e+06,0
deserialize,3435,0
mult,2.09292e+06,0
deserialize,3614,0
mult,2.09425e+06,0
deserialize,3813,0
mult,2.09156e+06,0
deserialize,3704,0
mult,2.10038e+06,0
deserialize,3312,0
mult,2.08927e+06,0
deserialize,3687,0
mult,2.09142e+06,0
deserialize,3552,0
mult,2.09614e+06,0
deserialize,3949,0
mult,2.09929e+06,0
deserialize,3423,0
mult,2.09303e+06,0
deserialize,3641,0
mult,2.09036e+06,0
deserialize,3515,0
mult,2.08881e+06,0
deserialize,3603,0
mult,2.10599e+06,0
deserialize,3587,0
mult,2.08821e+06,0
deserialize,3857,0
mult,2.10104e+06,0
deserialize,3752,0
mult,2.08736e+06,0
deserialize,3490,0
mult,2.10627e+06,0
deserialize,3851,0
mult,2.08394e+06,0
deserialize,3896,0
mult,2.09855e+06,0
deserialize,3614,0
mult,2.085e+06,0
deserialize,3480,0
mult,2.10577e+06,0
deserialize,3606,0
mult,2.08765e+06,0
deserialize,3761,0
mult,2.1e+06,0
deserialize,3722,0
mult,2.08383e+06,0
deserialize,3559,0
mult,2.10867e+06,0
deserialize,3754,0
mult,2.08419e+06,0
deserialize,3512,0
mult,2.10171e+06,0
deserialize,3638,0
mult,2.08669e+06,0
deserialize,3575,0
mult,2.10735e+06,0
deserialize,3906,0
mult,2.08508e+06,0
deserialize,3769,0
mult,2.09964e+06,0
deserialize,3701,0
mult,2.08502e+06,0
deserialize,3793,0
mult,2.10264e+06,0
deserialize,3577,0
mult,2.09259e+06,0
deserialize,3550,0
mult,2.09412e+06,0
deserialize,3820,0
mult,2.0931e+06,0
deserialize,3870,0
mult,2.10301e+06,0
deserialize,3510,0
mult,2.09259e+06,0
deserialize,3697,0
mult,2.09293e+06,0
deserialize,3507,0
mult,2.09455e+06,0
deserialize,3691,0
mult,2.10455e+06,0
deserialize,3677,0
mult,2.09116e+06,0
deserialize,3933,0
mult,2.09644e+06,0
deserialize,3487,0
mult,2.09226e+06,0
deserialize,3678,0
mult,2.09666e+06,0
deserialize,3655,0
mult,2.09104e+06,0
deserialize,3835,0
mult,2.09386e+06,0
deserialize,3440,0
mult,2.09508e+06,0
deserialize,3688,0
mult,2.1042e+06,0
deserialize,3449,0
mult,2.09363e+06,0
deserialize,3998,0
mult,2.09266e+06,0
deserialize,3397,0
mult,2.08788e+06,0
deserialize,3599,0
mult,2.10883e+06,0
deserialize,3633,0
mult,2.08693e+06,0
deserialize,3863,0
mult,2.10414e+06,0
deserialize,3517,0
mult,2.08363e+06,0
deserialize,3502,0
mult,2.11891e+06,0
deserialize,3610,0
mult,2.08399e+06,0
deserialize,3897,0
mult,2.10229e+06,0
deserialize,3576,0
mult,2.0869e+06,0
deserialize,3511,0
mult,2.11147e+06,0
deserialize,3414,0
mult,2.08481e+06,0
deserialize,3804,0
mult,2.09854e+06,0
deserialize,3488,0
mult,2.0816e+06,0
deserialize,3943,0
mult,2.11076e+06,0
deserialize,3546,0
mult,2.08591e+06,0
deserialize,3508,0
mult,2.10612e+06,0
deserialize,3724,0
mult,2.08498e+06,0
deserialize,3760,0
mult,2.10459e+06,0
deserialize,3600,0
mult,2.07871e+06,0
deserialize,3710,0
mult,2.10353e+06,0
deserialize,3476,0
mult,2.0868e+06,0
deserialize,8996,0
mult,2.11512e+06,0
deserialize,3697,0
mult,2.09206e+06,0
deserialize,3673,0
mult,2.096e+06,0
deserialize,3612,0
mult,2.09227e+06,0
deserialize,3947,0
mult,2.11297e+06,0
deserialize,3487,0
mult,2.08876e+06,0
deserialize,3508,0
mult,2.09797e+06,0
deserialize,3480,0
mult,2.09131e+06,0
deserialize,3694,0
mult,2.10283e+06,0
deserialize,3503,0
mult,2.09941e+06,0
deserialize,4130,0
mult,2.10437e+06,0
deserialize,3590,0
mult,2.0832e+06,0
deserialize,3739,0
mult,2.1104e+06,0
deserialize,3445,0
mult,2.09069e+06,0
deserialize,3754,0
mult,9.63546e+06,0
deserialize,4900,0
mult,7.34129e+07,0
deserialize,5576,0
mult,5.98656e+07,0
deserialize,4814,0
mult,6.12872e+07,0
deserialize,20923,0
mult,2.56349e+07,0
deserialize,6650,0
mult,4.2976e+06,0
deserialize,3933,0
mult,2.09414e+06,0
deserialize,3654,0
mult,2.08617e+06,0
deserialize,3856,0
mult,2.086e+06,0
deserialize,3747,0
mult,2.09162e+06,0
deserialize,3863,0
mult,2.08257e+06,0
deserialize,3682,0
mult,2.09144e+06,0
deserialize,3491,0
mult,2.07362e+06,0
deserialize,3655,0
mult,2.09204e+06,0
deserialize,3568,0
mult,2.08104e+06,0
deserialize,3855,0
mult,2.08904e+06,0
deserialize,3706,0
mult,2.07364e+06,0
deserialize,3943,0
mult,2.09518e+06,0
deserialize,3593,0
mult,2.08014e+06,0
deserialize,3914,0
mult,2.08916e+06,0
deserialize,3531,0
mult,2.07687e+06,0
deserialize,3720,0
mult,2.09714e+06,0
deserialize,3513,0
mult,2.08278e+06,0
deserialize,3664,0
mult,2.09329e+06,0
deserialize,3314,0
mult,2.07885e+06,0
deserialize,3810,0
mult,2.09335e+06,0
deserialize,3484,0
mult,2.07787e+06,0
deserialize,3668,0
mult,2.09083e+06,0
deserialize,3887,0
mult,2.08213e+06,0
deserialize,3560,0
mult,2.09623e+06,0
deserialize,3957,0
mult,2.07797e+06,0
deserialize,3608,0
mult,2.08601e+06,0
deserialize,3481,0
mult,2.08103e+06,0
deserialize,3690,0
mult,2.0879e+06,0
deserialize,3414,0
mult,2.08881e+06,0
deserialize,3667,0
mult,2.08817e+06,0
deserialize,3657,0
mult,2.08508e+06,0
deserialize,3619,0
mult,2.08578e+06,0
deserialize,3649,0
mult,2.07979e+06,0
deserialize,3585,0
mult,2.0861e+06,0
deserialize,4127,0
mult,2.02038e+06,0
deserialize,4002,0
mult,1.9426e+06,0
deserialize,4033,0
mult,1.97979e+06,0
gemm,2.73007e+09,0
wait_all,1.97266e+09,0
deserialize,6699,0
mult,2.25734e+06,0
deserialize,4080,0
mult,2.08487e+06,0
deserialize,4239,0
mult,2.09655e+06,0
deserialize,3723,0
mult,2.08393e+06,0
deserialize,3730,0
mult,2.09396e+06,0
deserialize,3829,0
mult,2.0803e+06,0
deserialize,3871,0
mult,2.09188e+06,0
deserialize,3996,0
mult,2.08284e+06,0
deserialize,3764,0
mult,2.09711e+06,0
deserialize,3744,0
mult,2.08705e+06,0
deserialize,3757,0
mult,2.09338e+06,0
deserialize,4082,0
mult,2.08748e+06,0
deserialize,3801,0
mult,2.08209e+06,0
deserialize,3886,0
mult,2.09262e+06,0
deserialize,3827,0
mult,2.08867e+06,0
deserialize,3990,0
mult,2.09191e+06,0
deserialize,3910,0
mult,2.0861e+06,0
deserialize,3706,0
mult,2.08746e+06,0
deserialize,3743,0
mult,2.08495e+06,0
deserialize,3765,0
mult,2.09223e+06,0
deserialize,4095,0
mult,2.08549e+06,0
deserialize,3737,0
mult,2.09313e+06,0
deserialize,3773,0
mult,2.08688e+06,0
deserialize,3858,0
mult,2.089e+06,0
deserialize,3634,0
mult,2.08022e+06,0
deserialize,3866,0
mult,2.08993e+06,0
deserialize,3836,0
mult,2.08836e+06,0
deserialize,3649,0
mult,2.09217e+06,0
deserialize,3810,0
mult,2.08567e+06,0
deserialize,3866,0
mult,2.09168e+06,0
deserialize,3955,0
mult,2.08548e+06,0
deserialize,3677,0
mult,2.09001e+06,0
deserialize,3940,0
mult,2.08868e+06,0
deserialize,3699,0
mult,2.08886e+06,0
deserialize,3970,0
mult,2.09164e+06,0
deserialize,3758,0
mult,2.08412e+06,0
deserialize,3704,0
mult,2.08726e+06,0
deserialize,3722,0
mult,2.08386e+06,0
deserialize,3758,0
mult,2.09311e+06,0
deserialize,3834,0
mult,2.0875e+06,0
deserialize,3878,0
mult,2.08927e+06,0
deserialize,3788,0
mult,2.08302e+06,0
deserialize,3987,0
mult,2.09364e+06,0
deserialize,3810,0
mult,2.08426e+06,0
deserialize,3573,0
mult,2.08917e+06,0
deserialize,3594,0
mult,2.08765e+06,0
deserialize,3904,0
mult,2.09206e+06,0
deserialize,3725,0
mult,2.08618e+06,0
deserialize,4028,0
mult,2.0913e+06,0
deserialize,3664,0
mult,2.08358e+06,0
deserialize,3706,0
mult,2.09161e+06,0
deserialize,3554,0
mult,2.08532e+06,0
deserialize,3814,0
mult,2.09071e+06,0
deserialize,3844,0
mult,2.08246e+06,0
deserialize,3777,0
mult,2.0915e+06,0
deserialize,3759,0
mult,2.0902e+06,0
deserialize,3757,0
mult,2.08114e+06,0
deserialize,3965,0
mult,2.09964e+06,0
deserialize,4090,0
mult,2.08865e+06,0
deserialize,3762,0
mult,2.09326e+06,0
deserialize,3867,0
mult,2.08483e+06,0
deserialize,4043,0
mult,2.09178e+06,0
deserialize,3711,0
mult,2.08515e+06,0
deserialize,3636,0
mult,2.09255e+06,0
deserialize,3792,0
mult,2.0848e+06,0
deserialize,4031,0
mult,2.09124e+06,0
deserialize,3548,0
mult,2.08765e+06,0
deserialize,3679,0
mult,2.09287e+06,0
deserialize,3776,0
mult,2.08308e+06,0
deserialize,3596,0
mult,2.0902e+06,0
deserialize,3783,0
mult,2.08703e+06,0
deserialize,3713,0
mult,2.09362e+06,0
deserialize,3769,0
mult,2.08574e+06,0
deserialize,4006,0
mult,2.09148e+06,0
deserialize,3699,0
mult,2.08666e+06,0
deserialize,3810,0
mult,2.09072e+06,0
deserialize,3650,0
mult,2.09091e+06,0
deserialize,3956,0
mult,2.08388e+06,0
deserialize,3877,0
mult,2.09365e+06,0
deserialize,3861,0
mult,2.08539e+06,0
deserialize,3754,0
mult,2.091e+06,0
deserialize,3996,0
mult,2.0853e+06,0
deserialize,4315,0
mult,2.09656e+06,0
deserialize,3891,0
mult,2.08251e+06,0
deserialize,3899,0
mult,2.091e+06,0
deserialize,3760,0
mult,2.08644e+06,0
deserialize,3699,0
mult,2.09657e+06,0
deserialize,3843,0
mult,2.08448e+06,0
deserialize,3933,0
mult,2.08978e+06,0
deserialize,3800,0
mult,2.08052e+06,0
deserialize,3659,0
mult,2.0958e+06,0
deserialize,3841,0
mult,2.08698e+06,0
deserialize,3660,0
mult,2.09389e+06,0
deserialize,3733,0
mult,2.08438e+06,0
deserialize,3660,0
mult,2.09296e+06,0
deserialize,3849,0
mult,2.08104e+06,0
deserialize,3756,0
mult,2.09062e+06,0
deserialize,3784,0
mult,2.09128e+06,0
deserialize,3917,0
mult,2.09111e+06,0
deserialize,3790,0
mult,2.08863e+06,0
deserialize,3716,0
mult,2.08388e+06,0
deserialize,3754,0
mult,2.08528e+06,0
deserialize,3650,0
mult,2.08658e+06,0
deserialize,3693,0
mult,2.08938e+06,0
deserialize,3883,0
mult,2.0901e+06,0
deserialize,3685,0
mult,2.09134e+06,0
deserialize,3636,0
mult,2.08426e+06,0
deserialize,3668,0
mult,2.0868e+06,0
deserialize,3776,0
mult,2.08627e+06,0
deserialize,3704,0
mult,2.09181e+06,0
deserialize,3795,0
mult,2.08851e+06,0
deserialize,3968,0
mult,2.08827e+06,0
deserialize,4087,0
mult,2.08448e+06,0
deserialize,3680,0
mult,2.08525e+06,0
deserialize,4151,0
mult,2.09083e+06,0
deserialize,3623,0
mult,2.09116e+06,0
deserialize,3777,0
mult,2.09e+06,0
deserialize,3462,0
mult,2.08988e+06,0
deserialize,3709,0
mult,2.09416e+06,0
deserialize,3704,0
mult,2.07724e+06,0
deserialize,3637,0
mult,2.09277e+06,0
deserialize,3810,0
mult,2.08404e+06,0
deserialize,3997,0
mult,2.09784e+06,0
deserialize,3990,0
mult,2.081e+06,0
deserialize,3727,0
mult,2.09086e+06,0
deserialize,4085,0
mult,2.07859e+06,0
deserialize,3525,0
mult,2.0948e+06,0
deserialize,3957,0
mult,2.08168e+06,0
deserialize,3914,0
mult,2.09492e+06,0
deserialize,3723,0
mult,2.0807e+06,0
deserialize,3790,0
mult,2.09567e+06,0
deserialize,3667,0
mult,2.07792e+06,0
deserialize,3550,0
mult,2.09346e+06,0
deserialize,4006,0
mult,2.0806e+06,0
deserialize,3683,0
mult,2.09744e+06,0
deserialize,3681,0
mult,2.08217e+06,0
deserialize,3694,0
mult,2.09746e+06,0
deserialize,3912,0
mult,2.07794e+06,0
deserialize,3590,0
mult,2.09462e+06,0
deserialize,3918,0
mult,2.08472e+06,0
deserialize,3754,0
mult,2.09006e+06,0
deserialize,3843,0
mult,2.0866e+06,0
deserialize,3670,0
mult,2.09006e+06,0
deserialize,4147,0
mult,2.08698e+06,0
deserialize,3953,0
mult,2.08536e+06,0
deserialize,3731,0
mult,2.08415e+06,0
deserialize,3778,0
mult,2.08806e+06,0
deserialize,3919,0
mult,2.08779e+06,0
deserialize,3780,0
mult,2.09014e+06,0
deserialize,3708,0
mult,2.08685e+06,0
deserialize,3685,0
mult,2.08939e+06,0
deserialize,3470,0
mult,2.08563e+06,0
deserialize,4075,0
mult,2.08818e+06,0
deserialize,3785,0
mult,2.08805e+06,0
deserialize,3814,0
mult,2.08973e+06,0
deserialize,4080,0
mult,2.08731e+06,0
deserialize,3940,0
mult,2.08556e+06,0
deserialize,3852,0
mult,2.08552e+06,0
deserialize,3765,0
mult,2.08776e+06,0
deserialize,3940,0
mult,2.08605e+06,0
deserialize,3794,0
mult,2.09283e+06,0
deserialize,4080,0
mult,2.08372e+06,0
deserialize,3826,0
mult,2.09646e+06,0
deserialize,3748,0
mult,2.08285e+06,0
deserialize,3763,0
mult,2.21243e+06,0
deserialize,3742,0
mult,2.08244e+06,0
deserialize,3900,0
mult,2.09756e+06,0
deserialize,4001,0
mult,2.08321e+06,0
deserialize,3741,0
mult,2.09207e+06,0
deserialize,3843,0
mult,2.08352e+06,0
deserialize,3695,0
mult,2.09403e+06,0
deserialize,3690,0
mult,2.08159e+06,0
deserialize,3761,0
mult,2.09942e+06,0
deserialize,3875,0
mult,2.08219e+06,0
deserialize,3578,0
mult,2.09604e+06,0
deserialize,3863,0
mult,2.08209e+06,0
deserialize,3596,0
mult,2.09378e+06,0
deserialize,3847,0
mult,2.07919e+06,0
deserialize,3642,0
mult,2.09337e+06,0
deserialize,3674,0
mult,2.0829e+06,0
deserialize,4016,0
mult,2.09396e+06,0
deserialize,4115,0
mult,2.09081e+06,0
deserialize,3896,0
mult,2.08708e+06,0
deserialize,3685,0
mult,2.08706e+06,0
deserialize,4163,0
mult,2.08451e+06,0
deserialize,3986,0
mult,2.08847e+06,0
deserialize,3995,0
mult,2.09032e+06,0
deserialize,3725,0
mult,2.09167e+06,0
deserialize,3842,0
mult,2.08642e+06,0
deserialize,3644,0
mult,2.08656e+06,0
deserialize,3934,0
mult,2.08569e+06,0
deserialize,3917,0
mult,2.08716e+06,0
deserialize,3890,0
mult,2.08826e+06,0
deserialize,3658,0
mult,2.09526e+06,0
deserialize,3940,0
mult,2.08692e+06,0
deserialize,3867,0
mult,2.08503e+06,0
deserialize,3720,0
mult,2.08427e+06,0
deserialize,4003,0
mult,2.08957e+06,0
deserialize,3651,0
mult,2.09171e+06,0
deserialize,3754,0
mult,2.08923e+06,0
deserialize,3961,0
mult,2.08673e+06,0
deserialize,3863,0
mult,2.09284e+06,0
deserialize,3715,0
mult,2.09718e+06,0
deserialize,3625,0
mult,2.08385e+06,0
deserialize,3725,0
mult,2.0913e+06,0
deserialize,3961,0
mult,2.08597e+06,0
deserialize,3889,0
mult,2.09593e+06,0
deserialize,3849,0
mult,2.08251e+06,0
deserialize,3816,0
mult,2.095e+06,0
deserialize,3766,0
mult,2.09378e+06,0
deserialize,3664,0
mult,2.08813e+06,0
deserialize,4006,0
mult,2.08795e+06,0
deserialize,3714,0
mult,2.09117e+06,0
deserialize,3884,0
mult,9.91696e+06,0
deserialize,24822,0
mult,7.32667e+07,0
deserialize,7132,0
mult,5.96397e+07,0
deserialize,6931,0
mult,6.16308e+07,0
deserialize,21143,0
mult,2.56781e+07,0
deserialize,6769,0
mult,4.25905e+06,0
deserialize,4076,0
mult,2.09864e+06,0
deserialize,3920,0
mult,2.08516e+06,0
deserialize,3983,0
mult,2.08624e+06,0
deserialize,3800,0
mult,2.08249e+06,0
deserialize,3903,0
mult,2.08804e+06,0
deserialize,3931,0
mult,2.08751e+06,0
deserialize,3794,0
mult,2.07684e+06,0
deserialize,3731,0
mult,2.08672e+06,0
deserialize,3593,0
mult,2.08283e+06,0
deserialize,4174,0
mult,2.08792e+06,0
deserialize,3933,0
mult,2.07501e+06,0
deserialize,4022,0
mult,2.08865e+06,0
deserialize,4086,0
mult,2.08305e+06,0
deserialize,3937,0
mult,2.08476e+06,0
deserialize,3798,0
mult,2.07684e+06,0
deserialize,3769,0
mult,2.09038e+06,0
deserialize,3694,0
mult,2.08279e+06,0
deserialize,3878,0
mult,2.09023e+06,0
deserialize,3613,0
mult,2.08052e+06,0
deserialize,3720,0
mult,2.0878e+06,0
deserialize,3765,0
mult,2.0772e+06,0
deserialize,3676,0
mult,2.08906e+06,0
deserialize,3644,0
mult,2.083e+06,0
deserialize,3877,0
mult,2.08827e+06,0
deserialize,3731,0
mult,2.08128e+06,0
deserialize,3997,0
mult,2.08666e+06,0
deserialize,3896,0
mult,2.07526e+06,0
deserialize,4031,0
mult,2.08782e+06,0
deserialize,4131,0
mult,2.08841e+06,0
deserialize,3446,0
mult,2.08451e+06,0
deserialize,3380,0
mult,2.08493e+06,0
deserialize,4676,0
mult,1.96371e+06,0
deserialize,4697,0
mult,1.96178e+06,0
deserialize,4997,0
mult,1.95332e+06,0
deserialize,4810,0
mult,1.96259e+06,0
deserialize,4701,0
mult,1.95606e+06,0
deserialize,4716,0
mult,1.96051e+06,0
gemm,2.78471e+09,0
wait_all,1.99943e+09,0
deserialize,6903,0
mult,2.30042e+06,0
deserialize,4099,0
mult,2.21781e+06,0
deserialize,3506,0
mult,2.22954e+06,0
deserialize,3770,0
mult,2.22089e+06,0
deserialize,3447,0
mult,2.2251e+06,0
deserialize,3589,0
mult,2.21476e+06,0
deserialize,3433,0
mult,2.21984e+06,0
deserialize,3533,0
mult,2.22339e+06,0
deserialize,3527,0
mult,2.21916e+06,0
deserialize,3801,0
mult,2.22714e+06,0
deserialize,3526,0
mult,2.21652e+06,0
deserialize,3880,0
mult,2.22339e+06,0
deserialize,3912,0
mult,2.21479e+06,0
deserialize,3627,0
mult,2.22868e+06,0
deserialize,3581,0
mult,2.21876e+06,0
deserialize,3567,0
mult,2.22442e+06,0
deserialize,3502,0
mult,2.22448e+06,0
deserialize,3693,0
mult,2.21554e+06,0
deserialize,3561,0
mult,2.22194e+06,0
deserialize,3712,0
mult,2.21973e+06,0
deserialize,3766,0
mult,2.222e+06,0
deserialize,3594,0
mult,2.21942e+06,0
deserialize,3460,0
mult,2.2225e+06,0
deserialize,3624,0
mult,2.22211e+06,0
deserialize,3755,0
mult,2.21234e+06,0
deserialize,3914,0
mult,2.22582e+06,0
deserialize,3801,0
mult,2.21776e+06,0
deserialize,3665,0
mult,2.22792e+06,0
deserialize,3551,0
mult,2.21708e+06,0
deserialize,3702,0
mult,2.22363e+06,0
deserialize,3595,0
mult,2.21543e+06,0
deserialize,3782,0
mult,2.22662e+06,0
deserialize,3534,0
mult,2.22054e+06,0
deserialize,3714,0
mult,2.22182e+06,0
deserialize,3440,0
mult,2.22169e+06,0
deserialize,3656,0
mult,2.21984e+06,0
deserialize,3466,0
mult,2.21964e+06,0
deserialize,3763,0
mult,2.21827e+06,0
deserialize,3811,0
mult,2.22193e+06,0
deserialize,3805,0
mult,2.21956e+06,0
deserialize,3408,0
mult,2.22276e+06,0
deserialize,3796,0
mult,2.22649e+06,0
deserialize,3523,0
mult,2.21572e+06,0
deserialize,3602,0
mult,2.22456e+06,0
deserialize,3670,0
mult,2.21219e+06,0
deserialize,3686,0
mult,2.22591e+06,0
deserialize,3603,0
mult,2.21585e+06,0
deserialize,3550,0
mult,2.22867e+06,0
deserialize,3560,0
mult,2.21702e+06,0
deserialize,3537,0
mult,2.22399e+06,0
deserialize,3721,0
mult,2.21909e+06,0
deserialize,3523,0
mult,2.22065e+06,0
deserialize,3394,0
mult,2.22275e+06,0
deserialize,3820,0
mult,2.21928e+06,0
deserialize,3590,0
mult,2.22339e+06,0
deserialize,3880,0
mult,2.21693e+06,0
deserialize,3535,0
mult,2.22159e+06,0
deserialize,3652,0
mult,2.21942e+06,0
deserialize,3691,0
mult,2.22561e+06,0
deserialize,3573,0
mult,2.22763e+06,0
deserialize,3770,0
mult,2.21745e+06,0
deserialize,3547,0
mult,2.22296e+06,0
deserialize,3626,0
mult,2.21343e+06,0
deserialize,3547,0
mult,2.23052e+06,0
deserialize,3705,0
mult,2.21592e+06,0
deserialize,3888,0
mult,2.22979e+06,0
deserialize,3539,0
mult,2.21681e+06,0
deserialize,3600,0
mult,2.22489e+06,0
deserialize,3560,0
mult,2.22236e+06,0
deserialize,3695,0
mult,2.22132e+06,0
deserialize,3566,0
mult,2.22267e+06,0
deserialize,3843,0
mult,2.22101e+06,0
deserialize,3714,0
mult,2.22221e+06,0
deserialize,3674,0
mult,2.21968e+06,0
deserialize,3881,0
mult,2.22389e+06,0
deserialize,3879,0
mult,2.22037e+06,0
deserialize,3472,0
mult,2.22336e+06,0
deserialize,3777,0
mult,2.22457e+06,0
deserialize,3858,0
mult,2.21599e+06,0
deserialize,3540,0
mult,2.22706e+06,0
deserialize,3761,0
mult,2.21753e+06,0
deserialize,3585,0
mult,2.22745e+06,0
deserialize,3605,0
mult,2.21578e+06,0
deserialize,3556,0
mult,2.22197e+06,0
deserialize,3557,0
mult,2.21394e+06,0
deserialize,3534,0
mult,2.22772e+06,0
deserialize,3517,0
mult,2.22723e+06,0
deserialize,3785,0
mult,2.21881e+06,0
deserialize,3490,0
mult,2.21982e+06,0
deserialize,3677,0
mult,2.2152e+06,0
deserialize,3503,0
mult,2.22142e+06,0
deserialize,3607,0
mult,2.22147e+06,0
deserialize,3463,0
mult,2.22522e+06,0
deserialize,3556,0
mult,2.21926e+06,0
deserialize,3607,0
mult,2.22028e+06,0
deserialize,3627,0
mult,2.23212e+06,0
deserialize,3654,0
mult,2.21533e+06,0
deserialize,3696,0
mult,2.22764e+06,0
deserialize,3617,0
mult,2.22153e+06,0
deserialize,3663,0
mult,2.22375e+06,0
deserialize,3485,0
mult,2.21403e+06,0
deserialize,3547,0
mult,2.2215e+06,0
deserialize,3518,0
mult,2.21738e+06,0
deserialize,3565,0
mult,2.22571e+06,0
deserialize,3449,0
mult,2.22644e+06,0
deserialize,3498,0
mult,2.21834e+06,0
deserialize,3597,0
mult,2.21904e+06,0
deserialize,3641,0
mult,2.21472e+06,0
deserialize,3697,0
mult,2.22201e+06,0
deserialize,3724,0
mult,2.2199e+06,0
deserialize,3724,0
mult,2.2253e+06,0
deserialize,3782,0
mult,2.22166e+06,0
deserialize,3655,0
mult,2.21513e+06,0
deserialize,3588,0
mult,2.22296e+06,0
deserialize,3870,0
mult,2.21874e+06,0
deserialize,3623,0
mult,2.22552e+06,0
deserialize,3674,0
mult,2.21923e+06,0
deserialize,3791,0
mult,2.22262e+06,0
deserialize,3499,0
mult,2.21679e+06,0
deserialize,3628,0
mult,2.22009e+06,0
deserialize,3358,0
mult,2.22108e+06,0
deserialize,3738,0
mult,2.21748e+06,0
deserialize,3773,0
mult,2.22583e+06,0
deserialize,3867,0
mult,2.21608e+06,0
deserialize,3620,0
mult,2.22428e+06,0
deserialize,3626,0
mult,2.21609e+06,0
deserialize,3595,0
mult,2.22495e+06,0
deserialize,3970,0
mult,2.21756e+06,0
deserialize,3565,0
mult,2.22322e+06,0
deserialize,3677,0
mult,2.22088e+06,0
deserialize,3675,0
mult,2.21926e+06,0
deserialize,3625,0
mult,2.22182e+06,0
deserialize,3525,0
mult,2.21557e+06,0
deserialize,3661,0
mult,2.22272e+06,0
deserialize,3579,0
mult,2.21881e+06,0
deserialize,3550,0
mult,2.22146e+06,0
deserialize,3794,0
mult,2.2204e+06,0
deserialize,3464,0
mult,2.22305e+06,0
deserialize,3790,0
mult,2.22182e+06,0
deserialize,3700,0
mult,2.21503e+06,0
deserialize,3457,0
mult,2.22591e+06,0
deserialize,3990,0
mult,2.21658e+06,0
deserialize,3756,0
mult,2.22678e+06,0
deserialize,3967,0
mult,2.21679e+06,0
deserialize,3763,0
mult,2.22174e+06,0
deserialize,3523,0
mult,2.21311e+06,0
deserialize,3513,0
mult,2.2254e+06,0
deserialize,3605,0
mult,2.22164e+06,0
deserialize,3590,0
mult,2.22019e+06,0
deserialize,3643,0
mult,2.22562e+06,0
deserialize,3563,0
mult,2.2162e+06,0
deserialize,3456,0
mult,2.22199e+06,0
deserialize,3764,0
mult,2.22045e+06,0
deserialize,4129,0
mult,2.22428e+06,0
deserialize,3870,0
mult,2.22065e+06,0
deserialize,3630,0
mult,2.22308e+06,0
deserialize,3552,0
mult,2.22083e+06,0
deserialize,3606,0
mult,2.21454e+06,0
deserialize,3546,0
mult,2.22745e+06,0
deserialize,4194,0
mult,2.21716e+06,0
deserialize,3530,0
mult,2.22583e+06,0
deserialize,3671,0
mult,2.21746e+06,0
deserialize,3567,0
mult,2.22446e+06,0
deserialize,3683,0
mult,2.21564e+06,0
deserialize,3447,0
mult,2.22532e+06,0
deserialize,3574,0
mult,2.22358e+06,0
deserialize,3650,0
mult,2.21948e+06,0
deserialize,3575,0
mult,2.22151e+06,0
deserialize,3645,0
mult,2.21809e+06,0
deserialize,3653,0
mult,2.2259e+06,0
deserialize,3580,0
mult,2.22139e+06,0
deserialize,3473,0
mult,2.22316e+06,0
deserialize,3643,0
mult,2.21726e+06,0
deserialize,3820,0
mult,2.22475e+06,0
deserialize,3594,0
mult,2.22614e+06,0
deserialize,3734,0
mult,2.22012e+06,0
deserialize,3479,0
mult,2.2262e+06,0
deserialize,3963,0
mult,2.21723e+06,0
deserialize,3526,0
mult,2.22108e+06,0
deserialize,3780,0
mult,2.21583e+06,0
deserialize,3677,0
mult,2.22639e+06,0
deserialize,3900,0
mult,2.22063e+06,0
deserialize,3809,0
mult,2.22618e+06,0
deserialize,3619,0
mult,2.22161e+06,0
deserialize,3783,0
mult,2.21658e+06,0
deserialize,3532,0
mult,2.2214e+06,0
deserialize,3930,0
mult,2.22137e+06,0
deserialize,3753,0
mult,2.22604e+06,0
deserialize,3530,0
mult,2.21834e+06,0
deserialize,3836,0
mult,2.22176e+06,0
deserialize,3560,0
mult,2.21421e+06,0
deserialize,3997,0
mult,2.22239e+06,0
deserialize,3521,0
mult,2.22449e+06,0
deserialize,3874,0
mult,2.22303e+06,0
deserialize,3500,0
mult,2.22278e+06,0
deserialize,3903,0
mult,2.21486e+06,0
deserialize,3521,0
mult,2.21952e+06,0
deserialize,3837,0
mult,2.21818e+06,0
deserialize,3597,0
mult,2.22628e+06,0
deserialize,3698,0
mult,2.19349e+06,0
deserialize,3740,0
mult,2.22398e+06,0
deserialize,4598,0
mult,2.23211e+06,0
deserialize,4529,0
mult,2.2293e+06,0
deserialize,4549,0
mult,2.23556e+06,0
deserialize,4670,0
mult,2.22955e+06,0
deserialize,4599,0
mult,2.23061e+06,0
deserialize,4169,0
mult,2.22126e+06,0
deserialize,4282,0
mult,2.22535e+06,0
deserialize,4511,0
mult,2.22703e+06,0
deserialize,4646,0
mult,2.22906e+06,0
deserialize,4142,0
mult,2.2207e+06,0
deserialize,3943,0
mult,2.22408e+06,0
deserialize,4084,0
mult,2.22352e+06,0
deserialize,3718,0
mult,9.89082e+06,0
deserialize,4765,0
mult,7.38658e+07,0
deserialize,6656,0
mult,5.9859e+07,0
deserialize,6473,0
mult,6.23551e+07,0
deserialize,21353,0
mult,2.55875e+07,0
deserialize,6511,0
mult,4.19514e+06,0
deserialize,4091,0
mult,2.08666e+06,0
deserialize,4000,0
mult,2.10251e+06,0
deserialize,4030,0
mult,2.07885e+06,0
deserialize,3850,0
mult,2.09433e+06,0
deserialize,3910,0
mult,2.08362e+06,0
deserialize,3870,0
mult,2.09958e+06,0
deserialize,3584,0
mult,2.07454e+06,0
deserialize,3640,0
mult,2.09425e+06,0
deserialize,3990,0
mult,2.08167e+06,0
deserialize,3725,0
mult,2.09872e+06,0
deserialize,3690,0
mult,2.07457e+06,0
deserialize,3663,0
mult,2.0987e+06,0
deserialize,3665,0
mult,2.08725e+06,0
deserialize,3915,0
mult,2.08615e+06,0
deserialize,3573,0
mult,2.08363e+06,0
deserialize,3442,0
mult,2.08952e+06,0
deserialize,3656,0
mult,2.09111e+06,0
deserialize,4547,0
mult,1.97139e+06,0
deserialize,3780,0
mult,1.98467e+06,0
deserialize,4251,0
mult,1.94244e+06,0
deserialize,4115,0
mult,1.98e+06,0
deserialize,4407,0
mult,1.9425e+06,0
deserialize,3430,0
mult,1.96679e+06,0
deserialize,4387,0
mult,1.96134e+06,0
deserialize,4245,0
mult,1.96873e+06,0
deserialize,4019,0
mult,1.96074e+06,0
deserialize,3480,0
mult,1.95417e+06,0
deserialize,4075,0
mult,1.96373e+06,0
deserialize,3996,0
mult,1.96038e+06,0
deserialize,4214,0
mult,1.97171e+06,0
deserialize,4137,0
mult,1.93443e+06,0
deserialize,4705,0
mult,1.98736e+06,0
deserialize,3546,0
mult,1.92976e+06,0
deserialize,3617,0
mult,1.98669e+06,0
deserialize,3950,0
mult,1.93513e+06,0
deserialize,3740,0
mult,1.99096e+06,0
deserialize,4183,0
mult,1.933e+06,0
gemm,2.60327e+09,0
wait_all,1.84494e+09,0
deserialize,6940,0
mult,2.18353e+06,0
deserialize,4053,0
mult,2.08461e+06,0
deserialize,3550,0
mult,2.09718e+06,0
deserialize,3747,0
mult,2.08478e+06,0
deserialize,3541,0
mult,2.09269e+06,0
deserialize,3649,0
mult,2.08037e+06,0
deserialize,3544,0
mult,2.09394e+06,0
deserialize,3628,0
mult,2.08697e+06,0
deserialize,3353,0
mult,2.09402e+06,0
deserialize,3536,0
mult,2.0864e+06,0
deserialize,3857,0
mult,2.09516e+06,0
deserialize,3526,0
mult,2.08064e+06,0
deserialize,3586,0
mult,2.08892e+06,0
deserialize,3589,0
mult,2.08428e+06,0
deserialize,3463,0
mult,2.09486e+06,0
deserialize,3446,0
mult,2.08671e+06,0
deserialize,3667,0
mult,2.09335e+06,0
deserialize,3863,0
mult,2.08099e+06,0
deserialize,3697,0
mult,2.09145e+06,0
deserialize,3521,0
mult,2.08631e+06,0
deserialize,3961,0
mult,2.0918e+06,0
deserialize,3643,0
mult,2.09424e+06,0
deserialize,3774,0
mult,2.0875e+06,0
deserialize,3465,0
mult,2.09014e+06,0
deserialize,3819,0
mult,2.07952e+06,0
deserialize,3480,0
mult,2.09141e+06,0
deserialize,3813,0
mult,2.08807e+06,0
deserialize,3724,0
mult,2.09405e+06,0
deserialize,3645,0
mult,2.08489e+06,0
deserialize,3824,0
mult,2.08887e+06,0
deserialize,3718,0
mult,2.086e+06,0
deserialize,3522,0
mult,2.09109e+06,0
deserialize,3757,0
mult,2.08422e+06,0
deserialize,3472,0
mult,2.09418e+06,0
deserialize,3630,0
mult,2.08677e+06,0
deserialize,3624,0
mult,2.09093e+06,0
deserialize,3873,0
mult,2.08144e+06,0
deserialize,3572,0
mult,2.08873e+06,0
deserialize,3847,0
mult,2.08758e+06,0
deserialize,3778,0
mult,2.09652e+06,0
deserialize,3530,0
mult,2.08514e+06,0
deserialize,3735,0
mult,2.09127e+06,0
deserialize,3608,0
mult,2.09493e+06,0
deserialize,3617,0
mult,2.08502e+06,0
deserialize,3741,0
mult,2.08768e+06,0
deserialize,3504,0
mult,2.08656e+06,0
deserialize,3857,0
mult,2.09309e+06,0
deserialize,3706,0
mult,2.08627e+06,0
deserialize,3800,0
mult,2.09112e+06,0
deserialize,3653,0
mult,2.08254e+06,0
deserialize,3570,0
mult,2.09339e+06,0
deserialize,3582,0
mult,2.08683e+06,0
deserialize,3539,0
mult,2.09173e+06,0
deserialize,3714,0
mult,2.08386e+06,0
deserialize,3717,0
mult,2.09366e+06,0
deserialize,3680,0
mult,2.08357e+06,0
deserialize,3606,0
mult,2.0865e+06,0
deserialize,3722,0
mult,2.08535e+06,0
deserialize,3860,0
mult,2.09651e+06,0
deserialize,3601,0
mult,2.08582e+06,0
deserialize,3678,0
mult,2.09129e+06,0
deserialize,3782,0
mult,2.08455e+06,0
deserialize,3746,0
mult,2.09048e+06,0
deserialize,3577,0
mult,2.09351e+06,0
deserialize,3877,0
mult,2.08335e+06,0
deserialize,3398,0
mult,2.0909e+06,0
deserialize,3638,0
mult,2.08957e+06,0
deserialize,3524,0
mult,2.09343e+06,0
deserialize,3581,0
mult,2.08206e+06,0
deserialize,3694,0
mult,2.09029e+06,0
deserialize,3548,0
mult,2.08976e+06,0
deserialize,3470,0
mult,2.09418e+06,0
deserialize,3806,0
mult,2.08541e+06,0
deserialize,3777,0
mult,2.09313e+06,0
deserialize,3580,0
mult,2.08797e+06,0
deserialize,3490,0
mult,2.0922e+06,0
deserialize,3546,0
mult,2.08551e+06,0
deserialize,3603,0
mult,2.089e+06,0
deserialize,3750,0
mult,2.08831e+06,0
deserialize,3753,0
mult,2.09193e+06,0
deserialize,3510,0
mult,2.08546e+06,0
deserialize,3655,0
mult,2.09085e+06,0
deserialize,3740,0
mult,2.08848e+06,0
deserialize,3797,0
mult,2.08886e+06,0
deserialize,3544,0
mult,2.09339e+06,0
deserialize,3480,0
mult,2.08794e+06,0
deserialize,3709,0
mult,2.09557e+06,0
deserialize,3828,0
mult,2.08574e+06,0
deserialize,3633,0
mult,2.09032e+06,0
deserialize,3542,0
mult,2.08183e+06,0
deserialize,3563,0
mult,2.09541e+06,0
deserialize,3658,0
mult,2.087e+06,0
deserialize,3737,0
mult,2.09334e+06,0
deserialize,3633,0
mult,2.08276e+06,0
deserialize,3749,0
mult,2.09259e+06,0
deserialize,3630,0
mult,2.08139e+06,0
deserialize,3765,0
mult,2.09287e+06,0
deserialize,3611,0
mult,2.08686e+06,0
deserialize,3518,0
mult,2.09568e+06,0
deserialize,3559,0
mult,2.08381e+06,0
deserialize,3534,0
mult,2.0883e+06,0
deserialize,3893,0
mult,2.0795e+06,0
deserialize,3625,0
mult,2.09395e+06,0
deserialize,3500,0
mult,2.08606e+06,0
deserialize,3506,0
mult,2.09507e+06,0
deserialize,3591,0
mult,2.08889e+06,0
deserialize,3416,0
mult,2.08602e+06,0
deserialize,3570,0
mult,2.08602e+06,0
deserialize,3653,0
mult,2.08578e+06,0
deserialize,3515,0
mult,2.08932e+06,0
deserialize,3690,0
mult,2.09002e+06,0
deserialize,3610,0
mult,2.08987e+06,0
deserialize,3821,0
mult,2.0843e+06,0
deserialize,3916,0
mult,2.0835e+06,0
deserialize,3701,0
mult,2.08896e+06,0
deserialize,3530,0
mult,2.08935e+06,0
deserialize,3589,0
mult,2.08884e+06,0
deserialize,3411,0
mult,2.0887e+06,0
deserialize,3570,0
mult,2.08817e+06,0
deserialize,3520,0
mult,2.08538e+06,0
deserialize,3617,0
mult,2.08447e+06,0
deserialize,3729,0
mult,2.08967e+06,0
deserialize,3604,0
mult,2.09086e+06,0
deserialize,3577,0
mult,2.08829e+06,0
deserialize,3490,0
mult,2.0857e+06,0
deserialize,3509,0
mult,2.08357e+06,0
deserialize,3626,0
mult,2.09471e+06,0
deserialize,3440,0
mult,2.08208e+06,0
deserialize,3680,0
mult,2.0956e+06,0
deserialize,3779,0
mult,2.08185e+06,0
deserialize,3817,0
mult,2.0958e+06,0
deserialize,3647,0
mult,2.08004e+06,0
deserialize,3583,0
mult,2.09326e+06,0
deserialize,3561,0
mult,2.08243e+06,0
deserialize,3580,0
mult,2.09695e+06,0
deserialize,3860,0
mult,2.08241e+06,0
deserialize,3575,0
mult,2.09274e+06,0
deserialize,3789,0
mult,2.07833e+06,0
deserialize,3635,0
mult,2.09367e+06,0
deserialize,3747,0
mult,2.08058e+06,0
deserialize,3779,0
mult,2.0936e+06,0
deserialize,3639,0
mult,2.08267e+06,0
deserialize,3513,0
mult,2.09682e+06,0
deserialize,3603,0
mult,2.08108e+06,0
deserialize,4025,0
mult,2.09089e+06,0
deserialize,3898,0
mult,2.08053e+06,0
deserialize,3742,0
mult,2.09613e+06,0
deserialize,3793,0
mult,2.08806e+06,0
deserialize,3635,0
mult,2.08817e+06,0
deserialize,3572,0
mult,2.088e+06,0
deserialize,3743,0
mult,2.08941e+06,0
deserialize,3377,0
mult,2.08621e+06,0
deserialize,3607,0
mult,2.08769e+06,0
deserialize,3499,0
mult,2.0884e+06,0
deserialize,3742,0
mult,2.08875e+06,0
deserialize,3833,0
mult,2.08888e+06,0
deserialize,3666,0
mult,2.08623e+06,0
deserialize,3510,0
mult,2.08533e+06,0
deserialize,3584,0
mult,2.08973e+06,0
deserialize,3570,0
mult,2.0881e+06,0
deserialize,3623,0
mult,2.08833e+06,0
deserialize,3612,0
mult,2.08821e+06,0
deserialize,3523,0
mult,2.08749e+06,0
deserialize,3433,0
mult,2.08877e+06,0
deserialize,3812,0
mult,2.08748e+06,0
deserialize,3534,0
mult,2.08839e+06,0
deserialize,3890,0
mult,2.08946e+06,0
deserialize,3452,0
mult,2.08961e+06,0
deserialize,3583,0
mult,2.0868e+06,0
deserialize,3854,0
mult,2.08861e+06,0
deserialize,3724,0
mult,2.09376e+06,0
deserialize,3490,0
mult,2.08344e+06,0
deserialize,3573,0
mult,2.09225e+06,0
deserialize,3676,0
mult,2.0835e+06,0
deserialize,3746,0
mult,2.09405e+06,0
deserialize,3457,0
mult,2.0853e+06,0
deserialize,3534,0
mult,2.09292e+06,0
deserialize,3724,0
mult,2.08116e+06,0
deserialize,3641,0
mult,2.09246e+06,0
deserialize,3755,0
mult,2.08516e+06,0
deserialize,3673,0
mult,2.09401e+06,0
deserialize,3996,0
mult,2.08648e+06,0
deserialize,3524,0
mult,2.09417e+06,0
deserialize,3927,0
mult,2.08139e+06,0
deserialize,4159,0
mult,2.09129e+06,0
deserialize,3805,0
mult,2.08294e+06,0
deserialize,3645,0
mult,2.09574e+06,0
deserialize,3762,0
mult,2.08618e+06,0
deserialize,3567,0
mult,2.09171e+06,0
deserialize,3910,0
mult,2.07993e+06,0
deserialize,3856,0
mult,2.08987e+06,0
deserialize,3829,0
mult,2.09003e+06,0
deserialize,3567,0
mult,2.08703e+06,0
deserialize,3470,0
mult,2.09546e+06,0
deserialize,3604,0
mult,2.08636e+06,0
deserialize,3575,0
mult,2.08466e+06,0
deserialize,3622,0
mult,2.08116e+06,0
deserialize,3700,0
mult,2.08981e+06,0
deserialize,3668,0
mult,2.09119e+06,0
deserialize,3518,0
mult,2.08984e+06,0
deserialize,3528,0
mult,2.08757e+06,0
deserialize,3569,0
mult,2.09103e+06,0
deserialize,3623,0
mult,2.09087e+06,0
deserialize,3495,0
mult,2.09309e+06,0
deserialize,3628,0
mult,2.08685e+06,0
deserialize,3545,0
mult,2.09061e+06,0
deserialize,3661,0
mult,2.08887e+06,0
deserialize,3583,0
mult,2.09172e+06,0
deserialize,3575,0
mult,2.08923e+06,0
deserialize,3729,0
mult,2.09911e+06,0
deserialize,3711,0
mult,2.08334e+06,0
deserialize,3520,0
mult,2.09489e+06,0
deserialize,3612,0
mult,2.06202e+06,0
deserialize,3929,0
mult,9.94851e+06,0
deserialize,23301,0
mult,7.33369e+07,0
deserialize,6778,0
mult,5.98014e+07,0
deserialize,6036,0
mult,6.15609e+07,0
deserialize,21895,0
mult,2.56164e+07,0
deserialize,6779,0
mult,4.23098e+06,0
deserialize,4350,0
mult,2.13364e+06,0
deserialize,3832,0
mult,2.1139e+06,0
deserialize,3743,0
mult,2.12216e+06,0
deserialize,3579,0
mult,2.09862e+06,0
deserialize,3662,0
mult,2.11748e+06,0
deserialize,3551,0
mult,2.10695e+06,0
deserialize,3640,0
mult,2.1268e+06,0
deserialize,3557,0
mult,2.0988e+06,0
deserialize,3503,0
mult,2.11929e+06,0
deserialize,3678,0
mult,2.09302e+06,0
deserialize,3532,0
mult,2.11978e+06,0
deserialize,3458,0
mult,2.10843e+06,0
deserialize,3423,0
mult,2.11673e+06,0
deserialize,3496,0
mult,2.11674e+06,0
deserialize,3666,0
mult,2.1147e+06,0
deserialize,3490,0
mult,2.10538e+06,0
deserialize,3700,0
mult,2.11387e+06,0
deserialize,3499,0
mult,2.11781e+06,0
deserialize,3640,0
mult,2.1159e+06,0
deserialize,3439,0
mult,2.11031e+06,0
deserialize,3591,0
mult,2.11622e+06,0
deserialize,3411,0
mult,2.10304e+06,0
deserialize,3701,0
mult,2.11377e+06,0
deserialize,3483,0
mult,2.10622e+06,0
deserialize,3360,0
mult,2.11668e+06,0
deserialize,3499,0
mult,2.1136e+06,0
deserialize,3707,0
mult,2.11445e+06,0
deserialize,3397,0
mult,2.10774e+06,0
deserialize,3433,0
mult,2.11866e+06,0
deserialize,3547,0
mult,2.11063e+06,0
deserialize,4129,0
mult,2.12822e+06,0
deserialize,4183,0
mult,1.95652e+06,0
deserialize,4043,0
mult,2.01344e+06,0
deserialize,4469,0
mult,1.95082e+06,0
deserialize,3423,0
mult,2.00919e+06,0
deserialize,4200,0
mult,1.95149e+06,0
deserialize,3764,0
mult,2.01424e+06,0
gemm,2.75294e+09,0
wait_all,1.99579e+09,0
deserialize,6945,0
mult,2.20128e+06,0
deserialize,4243,0
mult,2.08618e+06,0
deserialize,3646,0
mult,2.09484e+06,0
deserialize,3803,0
mult,2.08832e+06,0
deserialize,3482,0
mult,2.09389e+06,0
deserialize,3648,0
mult,2.08082e+06,0
deserialize,3345,0
mult,2.08865e+06,0
deserialize,3593,0
mult,2.08584e+06,0
deserialize,3544,0
mult,2.09427e+06,0
deserialize,4138,0
mult,2.0865e+06,0
deserialize,3576,0
mult,2.0923e+06,0
deserialize,3936,0
mult,2.08928e+06,0
deserialize,3612,0
mult,2.08215e+06,0
deserialize,3466,0
mult,2.09106e+06,0
deserialize,3405,0
mult,2.08828e+06,0
deserialize,3755,0
mult,2.09332e+06,0
deserialize,3711,0
mult,2.08511e+06,0
deserialize,3926,0
mult,2.08889e+06,0
deserialize,3837,0
mult,2.07967e+06,0
deserialize,3490,0
mult,2.09309e+06,0
deserialize,3489,0
mult,2.08517e+06,0
deserialize,3698,0
mult,2.09459e+06,0
deserialize,3430,0
mult,2.08231e+06,0
deserialize,3634,0
mult,2.08984e+06,0
deserialize,3427,0
mult,2.07832e+06,0
deserialize,3643,0
mult,2.09256e+06,0
deserialize,3498,0
mult,2.08279e+06,0
deserialize,3777,0
mult,2.09556e+06,0
deserialize,3547,0
mult,2.08401e+06,0
deserialize,3875,0
mult,2.09155e+06,0
deserialize,3777,0
mult,2.08127e+06,0
deserialize,3447,0
mult,2.09104e+06,0
deserialize,3715,0
mult,2.08934e+06,0
deserialize,3914,0
mult,2.08993e+06,0
deserialize,3421,0
mult,2.08939e+06,0
deserialize,3860,0
mult,2.08611e+06,0
deserialize,3461,0
mult,2.08571e+06,0
deserialize,3721,0
mult,2.08491e+06,0
deserialize,3507,0
mult,2.08771e+06,0
deserialize,3583,0
mult,2.09024e+06,0
deserialize,3424,0
mult,2.08852e+06,0
deserialize,3689,0
mult,2.08515e+06,0
deserialize,3444,0
mult,2.08888e+06,0
deserialize,3626,0
mult,2.08507e+06,0
deserialize,3387,0
mult,2.08655e+06,0
deserialize,3632,0
mult,2.08728e+06,0
deserialize,3517,0
mult,2.08862e+06,0
deserialize,3568,0
mult,2.08726e+06,0
deserialize,3681,0
mult,2.09074e+06,0
deserialize,3870,0
mult,2.08366e+06,0
deserialize,3418,0
mult,2.08511e+06,0
deserialize,3669,0
mult,2.08773e+06,0
deserialize,3327,0
mult,2.09011e+06,0
deserialize,3804,0
mult,2.08891e+06,0
deserialize,3822,0
mult,2.08201e+06,0
deserialize,3713,0
mult,2.09085e+06,0
deserialize,3467,0
mult,2.07969e+06,0
deserialize,3697,0
mult,2.09001e+06,0
deserialize,3538,0
mult,2.08282e+06,0
deserialize,3729,0
mult,2.09305e+06,0
deserialize,3837,0
mult,2.08286e+06,0
deserialize,3682,0
mult,2.09145e+06,0
deserialize,3816,0
mult,2.0816e+06,0
deserialize,3748,0
mult,2.09371e+06,0
deserialize,3522,0
mult,2.08379e+06,0
deserialize,4018,0
mult,2.09259e+06,0
deserialize,3581,0
mult,2.08081e+06,0
deserialize,3781,0
mult,2.09144e+06,0
deserialize,3530,0
mult,2.0806e+06,0
deserialize,3638,0
mult,2.09191e+06,0
deserialize,3348,0
mult,2.08113e+06,0
deserialize,3526,0
mult,2.09227e+06,0
deserialize,3519,0
mult,2.08447e+06,0
deserialize,3957,0
mult,2.092e+06,0
deserialize,3723,0
mult,2.08489e+06,0
deserialize,3966,0
mult,2.08991e+06,0
deserialize,3530,0
mult,2.09049e+06,0
deserialize,3626,0
mult,2.08439e+06,0
deserialize,3535,0
mult,2.08753e+06,0
deserialize,3614,0
mult,2.08573e+06,0
deserialize,3831,0
mult,2.09147e+06,0
deserialize,4134,0
mult,2.0834e+06,0
deserialize,3488,0
mult,2.08872e+06,0
deserialize,3729,0
mult,2.08401e+06,0
deserialize,3720,0
mult,2.09107e+06,0
deserialize,3664,0
mult,2.0847e+06,0
deserialize,3456,0
mult,2.09012e+06,0
deserialize,3942,0
mult,2.08565e+06,0
deserialize,3530,0
mult,2.08857e+06,0
deserialize,3991,0
mult,2.08154e+06,0
deserialize,3493,0
mult,2.09063e+06,0
deserialize,3668,0
mult,2.08766e+06,0
deserialize,3646,0
mult,2.09139e+06,0
deserialize,3827,0
mult,2.08361e+06,0
deserialize,3444,0
mult,2.08713e+06,0
deserialize,3736,0
mult,2.0831e+06,0
deserialize,3530,0
mult,2.09002e+06,0
deserialize,3724,0
mult,2.09368e+06,0
deserialize,3392,0
mult,2.08847e+06,0
deserialize,3703,0
mult,2.08801e+06,0
deserialize,3468,0
mult,2.08028e+06,0
deserialize,3759,0
mult,2.08424e+06,0
deserialize,3557,0
mult,2.08456e+06,0
deserialize,3570,0
mult,2.09283e+06,0
deserialize,3462,0
mult,2.08684e+06,0
deserialize,3765,0
mult,2.09041e+06,0
deserialize,3337,0
mult,2.07728e+06,0
deserialize,3766,0
mult,2.08598e+06,0
deserialize,3732,0
mult,2.0861e+06,0
deserialize,3783,0
mult,2.09346e+06,0
deserialize,3589,0
mult,2.08577e+06,0
deserialize,3650,0
mult,2.09118e+06,0
deserialize,3564,0
mult,2.08025e+06,0
deserialize,3861,0
mult,2.08687e+06,0
deserialize,3473,0
mult,2.08617e+06,0
deserialize,3633,0
mult,2.09151e+06,0
deserialize,3531,0
mult,2.08793e+06,0
deserialize,3539,0
mult,2.09007e+06,0
deserialize,3710,0
mult,2.0865e+06,0
deserialize,3993,0
mult,2.08038e+06,0
deserialize,3498,0
mult,2.08966e+06,0
deserialize,3557,0
mult,2.08506e+06,0
deserialize,3497,0
mult,2.09619e+06,0
deserialize,3633,0
mult,2.08363e+06,0
deserialize,3655,0
mult,2.09114e+06,0
deserialize,3781,0
mult,2.07945e+06,0
deserialize,3584,0
mult,2.08918e+06,0
deserialize,3754,0
mult,2.08326e+06,0
deserialize,3397,0
mult,2.09367e+06,0
deserialize,3692,0
mult,2.08154e+06,0
deserialize,3800,0
mult,2.09104e+06,0
deserialize,3735,0
mult,2.0824e+06,0
deserialize,3382,0
mult,2.08939e+06,0
deserialize,3879,0
mult,2.08091e+06,0
deserialize,3695,0
mult,2.09351e+06,0
deserialize,3958,0
mult,2.08227e+06,0
deserialize,3434,0
mult,2.09405e+06,0
deserialize,3672,0
mult,2.07842e+06,0
deserialize,3762,0
mult,2.0888e+06,0
deserialize,3833,0
mult,2.08022e+06,0
deserialize,3667,0
mult,2.09201e+06,0
deserialize,3774,0
mult,2.08735e+06,0
deserialize,3370,0
mult,2.08518e+06,0
deserialize,3745,0
mult,2.0936e+06,0
deserialize,3494,0
mult,2.08363e+06,0
deserialize,3741,0
mult,2.08599e+06,0
deserialize,3530,0
mult,2.08658e+06,0
deserialize,3509,0
mult,2.08914e+06,0
deserialize,3433,0
mult,2.0866e+06,0
deserialize,3674,0
mult,2.08771e+06,0
deserialize,3421,0
mult,2.08618e+06,0
deserialize,3570,0
mult,2.08633e+06,0
deserialize,3654,0
mult,2.08583e+06,0
deserialize,3531,0
mult,2.08948e+06,0
deserialize,3498,0
mult,2.08503e+06,0
deserialize,3835,0
mult,2.08906e+06,0
deserialize,3658,0
mult,2.08429e+06,0
deserialize,3610,0
mult,2.08708e+06,0
deserialize,3494,0
mult,2.08615e+06,0
deserialize,3756,0
mult,2.08704e+06,0
deserialize,3520,0
mult,2.08595e+06,0
deserialize,3529,0
mult,2.08848e+06,0
deserialize,3525,0
mult,2.0903e+06,0
deserialize,3614,0
mult,2.08113e+06,0
deserialize,3549,0
mult,2.09232e+06,0
deserialize,3557,0
mult,2.08165e+06,0
deserialize,3480,0
mult,2.09208e+06,0
deserialize,3513,0
mult,2.08256e+06,0
deserialize,3626,0
mult,2.09319e+06,0
deserialize,4033,0
mult,2.08363e+06,0
deserialize,3384,0
mult,2.09331e+06,0
deserialize,3640,0
mult,2.08348e+06,0
deserialize,3753,0
mult,2.09115e+06,0
deserialize,3962,0
mult,2.08342e+06,0
deserialize,3296,0
mult,2.09104e+06,0
deserialize,3605,0
mult,2.08548e+06,0
deserialize,3488,0
mult,2.09028e+06,0
deserialize,3708,0
mult,2.08114e+06,0
deserialize,3428,0
mult,2.08828e+06,0
deserialize,3623,0
mult,2.08547e+06,0
deserialize,3825,0
mult,2.09357e+06,0
deserialize,3712,0
mult,2.08506e+06,0
deserialize,3429,0
mult,2.09088e+06,0
deserialize,3624,0
mult,2.08799e+06,0
deserialize,3553,0
mult,2.08387e+06,0
deserialize,3627,0
mult,2.08979e+06,0
deserialize,3402,0
mult,2.08717e+06,0
deserialize,3676,0
mult,2.09292e+06,0
deserialize,3693,0
mult,2.08278e+06,0
deserialize,3582,0
mult,2.08628e+06,0
deserialize,3703,0
mult,2.08067e+06,0
deserialize,3697,0
mult,2.08881e+06,0
deserialize,3532,0
mult,2.08754e+06,0
deserialize,3768,0
mult,2.09376e+06,0
deserialize,3527,0
mult,2.08363e+06,0
deserialize,3763,0
mult,2.08585e+06,0
deserialize,3866,0
mult,2.08045e+06,0
deserialize,3520,0
mult,2.09026e+06,0
deserialize,3452,0
mult,2.0857e+06,0
deserialize,3616,0
mult,2.09049e+06,0
deserialize,3812,0
mult,2.0872e+06,0
deserialize,3713,0
mult,2.09237e+06,0
deserialize,3589,0
mult,2.08698e+06,0
deserialize,3839,0
mult,2.09274e+06,0
deserialize,3533,0
mult,2.08456e+06,0
deserialize,3674,0
mult,2.09161e+06,0
deserialize,3516,0
mult,2.09243e+06,0
deserialize,3961,0
mult,2.08388e+06,0
deserialize,3744,0
mult,2.09485e+06,0
deserialize,3730,0
mult,2.09286e+06,0
deserialize,3566,0
mult,2.08419e+06,0
deserialize,3700,0
mult,2.09045e+06,0
deserialize,3660,0
mult,2.08147e+06,0
deserialize,3586,0
mult,9.93358e+06,0
deserialize,5852,0
mult,7.33159e+07,0
deserialize,6553,0
mult,5.98599e+07,0
deserialize,6009,0
mult,6.16268e+07,0
deserialize,21126,0
mult,2.55764e+07,0
deserialize,6690,0
mult,4.22883e+06,0
deserialize,4264,0
mult,2.09874e+06,0
deserialize,3705,0
mult,2.08584e+06,0
deserialize,3373,0
mult,2.08714e+06,0
deserialize,3516,0
mult,2.08506e+06,0
deserialize,3732,0
mult,2.08992e+06,0
deserialize,3820,0
mult,2.08248e+06,0
deserialize,3512,0
mult,2.08464e+06,0
deserialize,3597,0
mult,2.09241e+06,0
deserialize,3394,0
mult,2.08254e+06,0
deserialize,3726,0
mult,2.08996e+06,0
deserialize,3749,0
mult,2.07729e+06,0
deserialize,3845,0
mult,2.09436e+06,0
deserialize,3620,0
mult,2.08273e+06,0
deserialize,3856,0
mult,2.08662e+06,0
deserialize,3556,0
mult,2.07646e+06,0
deserialize,3705,0
mult,2.09762e+06,0
deserialize,3677,0
mult,2.08507e+06,0
deserialize,3946,0
mult,2.09007e+06,0
deserialize,3446,0
mult,2.08017e+06,0
deserialize,3615,0
mult,2.09349e+06,0
deserialize,3563,0
mult,2.07926e+06,0
deserialize,3721,0
mult,2.09084e+06,0
deserialize,3429,0
mult,2.08206e+06,0
deserialize,3667,0
mult,2.09651e+06,0
deserialize,3465,0
mult,2.08191e+06,0
deserialize,3810,0
mult,2.08545e+06,0
deserialize,3483,0
mult,2.07684e+06,0
deserialize,3660,0
mult,2.09401e+06,0
deserialize,3774,0
mult,2.08841e+06,0
deserialize,3620,0
mult,2.08545e+06,0
deserialize,3418,0
mult,2.09484e+06,0
deserialize,3990,0
mult,1.95653e+06,0
deserialize,4013,0
mult,1.95692e+06,0
deserialize,3607,0
mult,1.95848e+06,0
deserialize,3946,0
mult,1.9601e+06,0
deserialize,4072,0
mult,1.96542e+06,0
deserialize,4126,0
mult,1.93609e+06,0
gemm,2.68662e+09,0
wait_all,1.92303e+09,0
deserialize,7531,0
mult,2.21901e+06,0
deserialize,4554,0
mult,2.09654e+06,0
deserialize,3866,0
mult,2.1496e+06,0
deserialize,3726,0
mult,2.10141e+06,0
deserialize,3538,0
mult,2.10938e+06,0
deserialize,3627,0
mult,2.08349e+06,0
deserialize,3698,0
mult,2.14567e+06,0
deserialize,3596,0
mult,2.11824e+06,0
deserialize,3890,0
mult,2.09569e+06,0
deserialize,3564,0
mult,2.0998e+06,0
deserialize,3675,0
mult,2.15927e+06,0
deserialize,3792,0
mult,2.10293e+06,0
deserialize,3703,0
mult,2.09512e+06,0
deserialize,3871,0
mult,2.10447e+06,0
deserialize,3823,0
mult,2.14115e+06,0
deserialize,3637,0
mult,2.10731e+06,0
deserialize,3630,0
mult,2.09957e+06,0
deserialize,3629,0
mult,2.09144e+06,0
deserialize,3631,0
mult,2.13848e+06,0
deserialize,3529,0
mult,2.11843e+06,0
deserialize,3767,0
mult,2.09388e+06,0
deserialize,3647,0
mult,2.09867e+06,0
deserialize,3972,0
mult,2.15615e+06,0
deserialize,3397,0
mult,2.10349e+06,0
deserialize,3558,0
mult,2.09996e+06,0
deserialize,3610,0
mult,2.09914e+06,0
deserialize,3634,0
mult,2.14837e+06,0
deserialize,3597,0
mult,2.10254e+06,0
deserialize,3707,0
mult,2.1048e+06,0
deserialize,3732,0
mult,2.0878e+06,0
deserialize,3838,0
mult,2.14843e+06,0
deserialize,3673,0
mult,2.10803e+06,0
deserialize,3780,0
mult,2.09825e+06,0
deserialize,3480,0
mult,2.0939e+06,0
deserialize,3730,0
mult,2.16127e+06,0
deserialize,3791,0
mult,2.10051e+06,0
deserialize,3756,0
mult,2.09932e+06,0
deserialize,3581,0
mult,2.09327e+06,0
deserialize,3620,0
mult,2.14934e+06,0
deserialize,3793,0
mult,2.10174e+06,0
deserialize,3382,0
mult,2.1011e+06,0
deserialize,3583,0
mult,2.09575e+06,0
deserialize,3810,0
mult,2.14074e+06,0
deserialize,3497,0
mult,2.11169e+06,0
deserialize,3463,0
mult,2.08873e+06,0
deserialize,3637,0
mult,2.09981e+06,0
deserialize,3682,0
mult,2.15578e+06,0
deserialize,3560,0
mult,2.10611e+06,0
deserialize,3630,0
mult,2.09584e+06,0
deserialize,3633,0
mult,2.09783e+06,0
deserialize,3931,0
mult,2.14514e+06,0
deserialize,3521,0
mult,2.10754e+06,0
deserialize,3739,0
mult,2.09542e+06,0
deserialize,3829,0
mult,2.09412e+06,0
deserialize,3630,0
mult,2.14462e+06,0
deserialize,3550,0
mult,2.11267e+06,0
deserialize,3999,0
mult,2.08888e+06,0
deserialize,3814,0
mult,2.09785e+06,0
deserialize,3606,0
mult,2.1705e+06,0
deserialize,3512,0
mult,2.09983e+06,0
deserialize,3732,0
mult,2.10399e+06,0
deserialize,4074,0
mult,2.09229e+06,0
deserialize,3755,0
mult,2.15007e+06,0
deserialize,3547,0
mult,2.10218e+06,0
deserialize,3920,0
mult,2.10008e+06,0
deserialize,3787,0
mult,2.09002e+06,0
deserialize,3774,0
mult,2.15279e+06,0
deserialize,3684,0
mult,2.10726e+06,0
deserialize,3739,0
mult,2.0969e+06,0
deserialize,3417,0
mult,2.09168e+06,0
deserialize,3665,0
mult,2.16642e+06,0
deserialize,3666,0
mult,2.1003e+06,0
deserialize,3680,0
mult,2.10118e+06,0
deserialize,4000,0
mult,2.09244e+06,0
deserialize,3571,0
mult,2.15008e+06,0
deserialize,3942,0
mult,2.106e+06,0
deserialize,3530,0
mult,2.09682e+06,0
deserialize,3530,0
mult,2.09564e+06,0
deserialize,3661,0
mult,2.14733e+06,0
deserialize,3474,0
mult,2.11193e+06,0
deserialize,3687,0
mult,2.09111e+06,0
deserialize,3577,0
mult,2.09691e+06,0
deserialize,4077,0
mult,2.1609e+06,0
deserialize,3837,0
mult,2.10322e+06,0
deserialize,3476,0
mult,2.09441e+06,0
deserialize,3746,0
mult,2.09973e+06,0
deserialize,3676,0
mult,2.14464e+06,0
deserialize,3578,0
mult,2.10474e+06,0
deserialize,4004,0
mult,2.09542e+06,0
deserialize,3885,0
mult,2.09256e+06,0
deserialize,3719,0
mult,2.146e+06,0
deserialize,3573,0
mult,2.11121e+06,0
deserialize,3494,0
mult,2.09904e+06,0
deserialize,3736,0
mult,2.09115e+06,0
deserialize,3854,0
mult,2.16392e+06,0
deserialize,3962,0
mult,2.09659e+06,0
deserialize,3556,0
mult,2.10156e+06,0
deserialize,3522,0
mult,2.09366e+06,0
deserialize,3544,0
mult,2.14989e+06,0
deserialize,3627,0
mult,2.09671e+06,0
deserialize,3942,0
mult,2.10051e+06,0
deserialize,3664,0
mult,2.0857e+06,0
deserialize,3510,0
mult,2.1509e+06,0
deserialize,3623,0
mult,2.10236e+06,0
deserialize,3934,0
mult,2.09918e+06,0
deserialize,3621,0
mult,2.09126e+06,0
deserialize,3822,0
mult,2.16523e+06,0
deserialize,3683,0
mult,2.09611e+06,0
deserialize,3885,0
mult,2.10239e+06,0
deserialize,3778,0
mult,2.10006e+06,0
deserialize,3661,0
mult,2.14285e+06,0
deserialize,3566,0
mult,2.10627e+06,0
deserialize,3727,0
mult,2.0943e+06,0
deserialize,3643,0
mult,2.09051e+06,0
deserialize,3766,0
mult,2.14205e+06,0
deserialize,3638,0
mult,2.10934e+06,0
deserialize,3445,0
mult,2.09159e+06,0
deserialize,3783,0
mult,2.09656e+06,0
deserialize,3755,0
mult,2.15788e+06,0
deserialize,3546,0
mult,2.10407e+06,0
deserialize,3645,0
mult,2.09619e+06,0
deserialize,3536,0
mult,2.09876e+06,0
deserialize,3830,0
mult,2.1437e+06,0
deserialize,3597,0
mult,2.10452e+06,0
deserialize,3692,0
mult,2.09641e+06,0
deserialize,3690,0
mult,2.09084e+06,0
deserialize,3513,0
mult,2.14842e+06,0
deserialize,3657,0
mult,2.10519e+06,0
deserialize,3568,0
mult,2.09884e+06,0
deserialize,3824,0
mult,2.08648e+06,0
deserialize,3814,0
mult,2.16339e+06,0
deserialize,3614,0
mult,2.10012e+06,0
deserialize,3430,0
mult,2.10306e+06,0
deserialize,3574,0
mult,2.0907e+06,0
deserialize,3500,0
mult,2.14792e+06,0
deserialize,3571,0
mult,2.09753e+06,0
deserialize,3713,0
mult,2.10389e+06,0
deserialize,3596,0
mult,2.08531e+06,0
deserialize,3440,0
mult,2.1456e+06,0
deserialize,3861,0
mult,2.10579e+06,0
deserialize,3633,0
mult,2.10179e+06,0
deserialize,3578,0
mult,2.08819e+06,0
deserialize,3609,0
mult,2.16643e+06,0
deserialize,3649,0
mult,2.10568e+06,0
deserialize,3997,0
mult,2.09604e+06,0
deserialize,3658,0
mult,2.09516e+06,0
deserialize,3695,0
mult,2.14472e+06,0
deserialize,3793,0
mult,2.10584e+06,0
deserialize,3993,0
mult,2.09882e+06,0
deserialize,3791,0
mult,2.09423e+06,0
deserialize,3975,0
mult,2.14054e+06,0
deserialize,3492,0
mult,2.11302e+06,0
deserialize,3870,0
mult,2.09423e+06,0
deserialize,3778,0
mult,2.09466e+06,0
deserialize,3725,0
mult,2.16022e+06,0
deserialize,3784,0
mult,2.10679e+06,0
deserialize,3899,0
mult,2.09757e+06,0
deserialize,3676,0
mult,2.09574e+06,0
deserialize,4276,0
mult,2.14699e+06,0
deserialize,3853,0
mult,2.10437e+06,0
deserialize,3787,0
mult,2.10282e+06,0
deserialize,3898,0
mult,2.08848e+06,0
deserialize,3886,0
mult,2.1448e+06,0
deserialize,3772,0
mult,2.10516e+06,0
deserialize,3545,0
mult,2.10228e+06,0
deserialize,3874,0
mult,2.08895e+06,0
deserialize,3590,0
mult,2.16528e+06,0
deserialize,3680,0
mult,2.10193e+06,0
deserialize,3926,0
mult,2.10486e+06,0
deserialize,3832,0
mult,2.09424e+06,0
deserialize,3547,0
mult,2.15064e+06,0
deserialize,3595,0
mult,2.10154e+06,0
deserialize,3822,0
mult,2.10316e+06,0
deserialize,3666,0
mult,2.0851e+06,0
deserialize,3821,0
mult,2.14668e+06,0
deserialize,3495,0
mult,2.10535e+06,0
deserialize,3533,0
mult,2.10217e+06,0
deserialize,3843,0
mult,2.0909e+06,0
deserialize,3530,0
mult,2.15684e+06,0
deserialize,3522,0
mult,2.1888e+06,0
deserialize,3621,0
mult,2.09802e+06,0
deserialize,3876,0
mult,2.10165e+06,0
deserialize,3950,0
mult,2.1424e+06,0
deserialize,3834,0
mult,2.10989e+06,0
deserialize,3647,0
mult,2.09676e+06,0
deserialize,3510,0
mult,2.09328e+06,0
deserialize,3677,0
mult,2.13988e+06,0
deserialize,3818,0
mult,2.11676e+06,0
deserialize,3853,0
mult,2.09722e+06,0
deserialize,3757,0
mult,2.09223e+06,0
deserialize,3747,0
mult,2.15576e+06,0
deserialize,3645,0
mult,2.10467e+06,0
deserialize,3673,0
mult,2.10096e+06,0
deserialize,3652,0
mult,2.09751e+06,0
deserialize,3974,0
mult,2.14672e+06,0
deserialize,3511,0
mult,2.10155e+06,0
deserialize,3720,0
mult,2.10001e+06,0
deserialize,3480,0
mult,2.08686e+06,0
deserialize,3523,0
mult,2.14684e+06,0
deserialize,3637,0
mult,2.10908e+06,0
deserialize,3897,0
mult,2.09942e+06,0
deserialize,3847,0
mult,2.09057e+06,0
deserialize,3872,0
mult,2.1675e+06,0
deserialize,3632,0
mult,2.09934e+06,0
deserialize,3648,0
mult,2.10174e+06,0
deserialize,3902,0
mult,2.0962e+06,0
deserialize,3563,0
mult,2.15017e+06,0
deserialize,3726,0
mult,2.0997e+06,0
deserialize,3809,0
mult,2.10683e+06,0
deserialize,3717,0
mult,2.10302e+06,0
deserialize,3587,0
mult,2.14326e+06,0
deserialize,3651,0
mult,2.1128e+06,0
deserialize,3786,0
mult,2.09374e+06,0
deserialize,3718,0
mult,9.89521e+06,0
deserialize,4419,0
mult,7.32625e+07,0
deserialize,6026,0
mult,5.98757e+07,0
deserialize,4703,0
mult,6.12367e+07,0
deserialize,19995,0
mult,2.61222e+07,0
deserialize,7367,0
mult,4.34751e+06,0
deserialize,4072,0
mult,2.08836e+06,0
deserialize,3803,0
mult,2.10892e+06,0
deserialize,3529,0
mult,2.07963e+06,0
deserialize,3687,0
mult,2.09494e+06,0
deserialize,3730,0
mult,2.08096e+06,0
deserialize,3735,0
mult,2.10915e+06,0
deserialize,3374,0
mult,2.07318e+06,0
deserialize,3776,0
mult,2.10786e+06,0
deserialize,3923,0
mult,2.08773e+06,0
deserialize,3771,0
mult,2.10121e+06,0
deserialize,3331,0
mult,2.08192e+06,0
deserialize,3585,0
mult,2.08765e+06,0
deserialize,3570,0
mult,2.0878e+06,0
deserialize,3720,0
mult,2.09572e+06,0
deserialize,3269,0
mult,2.0841e+06,0
deserialize,3667,0
mult,2.09267e+06,0
deserialize,3533,0
mult,2.09046e+06,0
deserialize,3816,0
mult,2.10614e+06,0
deserialize,3246,0
mult,2.08646e+06,0
deserialize,3566,0
mult,2.08763e+06,0
deserialize,3588,0
mult,2.08265e+06,0
deserialize,3739,0
mult,2.09914e+06,0
deserialize,3486,0
mult,2.08995e+06,0
deserialize,3956,0
mult,2.09204e+06,0
deserialize,3468,0
mult,2.08928e+06,0
deserialize,3639,0
mult,2.1019e+06,0
deserialize,3289,0
mult,2.08476e+06,0
deserialize,3801,0
mult,2.08904e+06,0
deserialize,3615,0
mult,2.08846e+06,0
deserialize,3846,0
mult,2.11486e+06,0
deserialize,3311,0
mult,2.07874e+06,0
deserialize,3573,0
mult,2.09202e+06,0
deserialize,3469,0
mult,2.07504e+06,0
deserialize,4011,0
mult,2.10752e+06,0
deserialize,3455,0
mult,2.08156e+06,0
deserialize,3759,0
mult,2.101e+06,0
deserialize,4249,0
mult,1.98394e+06,0
gemm,2.54127e+09,0
wait_all,1.78325e+09,0
deserialize,6468,0
mult,2.23374e+06,0
deserialize,4333,0
mult,2.08901e+06,0
deserialize,3733,0
mult,2.09622e+06,0
deserialize,3634,0
mult,2.08442e+06,0
deserialize,3794,0
mult,2.09503e+06,0
deserialize,3700,0
mult,2.08167e+06,0
deserialize,3988,0
mult,2.09097e+06,0
deserialize,3579,0
mult,2.08542e+06,0
deserialize,3567,0
mult,2.1074e+06,0
deserialize,3606,0
mult,2.08582e+06,0
deserialize,3552,0
mult,2.09407e+06,0
deserialize,3705,0
mult,2.08085e+06,0
deserialize,3806,0
mult,2.09076e+06,0
deserialize,3643,0
mult,2.08646e+06,0
deserialize,3505,0
mult,2.0943e+06,0
deserialize,3713,0
mult,2.08582e+06,0
deserialize,3576,0
mult,2.08869e+06,0
deserialize,3662,0
mult,2.08761e+06,0
deserialize,3722,0
mult,2.08108e+06,0
deserialize,3520,0
mult,2.09137e+06,0
deserialize,3640,0
mult,2.08772e+06,0
deserialize,3677,0
mult,2.09224e+06,0
deserialize,3741,0
mult,2.08496e+06,0
deserialize,3654,0
mult,2.08768e+06,0
deserialize,3541,0
mult,2.08308e+06,0
deserialize,3602,0
mult,2.09206e+06,0
deserialize,3749,0
mult,2.0843e+06,0
deserialize,3713,0
mult,2.09476e+06,0
deserialize,3740,0
mult,2.08691e+06,0
deserialize,4030,0
mult,2.09084e+06,0
deserialize,3690,0
mult,2.08219e+06,0
deserialize,3463,0
mult,2.09062e+06,0
deserialize,3680,0
mult,2.08638e+06,0
deserialize,3552,0
mult,2.09436e+06,0
deserialize,3724,0
mult,2.08315e+06,0
deserialize,3653,0
mult,2.08841e+06,0
deserialize,3578,0
mult,2.08339e+06,0
deserialize,3624,0
mult,2.08995e+06,0
deserialize,4136,0
mult,2.09337e+06,0
deserialize,3731,0
mult,2.08604e+06,0
deserialize,3399,0
mult,2.09098e+06,0
deserialize,3706,0
mult,2.08634e+06,0
deserialize,3844,0
mult,2.08876e+06,0
deserialize,3541,0
mult,2.08506e+06,0
deserialize,3719,0
mult,2.09208e+06,0
deserialize,3823,0
mult,2.0869e+06,0
deserialize,3521,0
mult,2.09044e+06,0
deserialize,3416,0
mult,2.08799e+06,0
deserialize,4012,0
mult,2.09446e+06,0
deserialize,3995,0
mult,2.08351e+06,0
deserialize,3790,0
mult,2.09298e+06,0
deserialize,3771,0
mult,2.086e+06,0
deserialize,3516,0
mult,2.09353e+06,0
deserialize,3632,0
mult,2.08354e+06,0
deserialize,3508,0
mult,2.08915e+06,0
deserialize,3908,0
mult,2.08294e+06,0
deserialize,3676,0
mult,2.08934e+06,0
deserialize,3976,0
mult,2.08464e+06,0
deserialize,3645,0
mult,2.09199e+06,0
deserialize,3577,0
mult,2.09119e+06,0
deserialize,3710,0
mult,2.08559e+06,0
deserialize,3764,0
mult,2.09154e+06,0
deserialize,3847,0
mult,2.08406e+06,0
deserialize,3676,0
mult,2.09283e+06,0
deserialize,3693,0
mult,2.08676e+06,0
deserialize,3914,0
mult,2.09231e+06,0
deserialize,3745,0
mult,2.08548e+06,0
deserialize,3848,0
mult,2.09184e+06,0
deserialize,3649,0
mult,2.08464e+06,0
deserialize,3626,0
mult,2.09131e+06,0
deserialize,3471,0
mult,2.08399e+06,0
deserialize,3705,0
mult,2.09238e+06,0
deserialize,3774,0
mult,2.08763e+06,0
deserialize,3867,0
mult,2.09163e+06,0
deserialize,3673,0
mult,2.08803e+06,0
deserialize,3609,0
mult,2.09109e+06,0
deserialize,3809,0
mult,2.08529e+06,0
deserialize,3953,0
mult,2.09038e+06,0
deserialize,3690,0
mult,2.0865e+06,0
deserialize,3750,0
mult,2.09242e+06,0
deserialize,3882,0
mult,2.09397e+06,0
deserialize,3701,0
mult,2.08542e+06,0
deserialize,3732,0
mult,2.09102e+06,0
deserialize,3666,0
mult,2.08244e+06,0
deserialize,3908,0
mult,2.09383e+06,0
deserialize,3614,0
mult,2.08578e+06,0
deserialize,3682,0
mult,2.09496e+06,0
deserialize,3707,0
mult,2.08534e+06,0
deserialize,3690,0
mult,2.09182e+06,0
deserialize,3756,0
mult,2.08197e+06,0
deserialize,3653,0
mult,2.09388e+06,0
deserialize,3617,0
mult,2.08666e+06,0
deserialize,3717,0
mult,2.09534e+06,0
deserialize,3563,0
mult,2.08385e+06,0
deserialize,3547,0
mult,2.08863e+06,0
deserialize,3892,0
mult,2.08166e+06,0
deserialize,3629,0
mult,2.09489e+06,0
deserialize,3653,0
mult,2.08718e+06,0
deserialize,3801,0
mult,2.09636e+06,0
deserialize,3735,0
mult,2.08254e+06,0
deserialize,3550,0
mult,2.09302e+06,0
deserialize,3538,0
mult,2.08525e+06,0
deserialize,3458,0
mult,2.08659e+06,0
deserialize,3713,0
mult,2.09094e+06,0
deserialize,3514,0
mult,2.09136e+06,0
deserialize,3533,0
mult,2.08858e+06,0
deserialize,3788,0
mult,2.08232e+06,0
deserialize,3573,0
mult,2.08515e+06,0
deserialize,3907,0
mult,2.09264e+06,0
deserialize,3630,0
mult,2.09087e+06,0
deserialize,3726,0
mult,2.08961e+06,0
deserialize,3840,0
mult,2.08936e+06,0
deserialize,3717,0
mult,2.08985e+06,0
deserialize,3738,0
mult,2.08694e+06,0
deserialize,4024,0
mult,2.08704e+06,0
deserialize,3580,0
mult,2.08997e+06,0
deserialize,3723,0
mult,2.09156e+06,0
deserialize,3730,0
mult,2.08898e+06,0
deserialize,3833,0
mult,2.0855e+06,0
deserialize,3330,0
mult,2.08405e+06,0
deserialize,3596,0
mult,2.09176e+06,0
deserialize,3590,0
mult,2.08868e+06,0
deserialize,3685,0
mult,2.09654e+06,0
deserialize,3540,0
mult,2.08279e+06,0
deserialize,3726,0
mult,2.09947e+06,0
deserialize,3773,0
mult,2.07824e+06,0
deserialize,3811,0
mult,2.09226e+06,0
deserialize,3617,0
mult,2.08329e+06,0
deserialize,3547,0
mult,2.09749e+06,0
deserialize,3534,0
mult,2.08165e+06,0
deserialize,3826,0
mult,2.09277e+06,0
deserialize,3626,0
mult,2.07924e+06,0
deserialize,3597,0
mult,2.09757e+06,0
deserialize,3674,0
mult,2.08137e+06,0
deserialize,3633,0
mult,2.0961e+06,0
deserialize,3600,0
mult,2.08055e+06,0
deserialize,3813,0
mult,2.09963e+06,0
deserialize,3908,0
mult,2.07957e+06,0
deserialize,3616,0
mult,2.09316e+06,0
deserialize,3632,0
mult,2.08001e+06,0
deserialize,3550,0
mult,2.09934e+06,0
deserialize,3597,0
mult,2.08131e+06,0
deserialize,3695,0
mult,2.09384e+06,0
deserialize,3776,0
mult,2.08626e+06,0
deserialize,3707,0
mult,2.09056e+06,0
deserialize,3750,0
mult,2.08547e+06,0
deserialize,3908,0
mult,2.08805e+06,0
deserialize,3797,0
mult,2.08865e+06,0
deserialize,3594,0
mult,2.09394e+06,0
deserialize,4035,0
mult,2.08784e+06,0
deserialize,3600,0
mult,2.08698e+06,0
deserialize,3533,0
mult,2.08739e+06,0
deserialize,3893,0
mult,2.09273e+06,0
deserialize,3621,0
mult,2.08787e+06,0
deserialize,3792,0
mult,2.08797e+06,0
deserialize,3558,0
mult,2.08922e+06,0
deserialize,3919,0
mult,2.09103e+06,0
deserialize,3615,0
mult,2.08703e+06,0
deserialize,3914,0
mult,2.08789e+06,0
deserialize,3559,0
mult,2.08943e+06,0
deserialize,3983,0
mult,2.09263e+06,0
deserialize,3743,0
mult,2.08748e+06,0
deserialize,3683,0
mult,2.0875e+06,0
deserialize,3720,0
mult,2.08777e+06,0
deserialize,3741,0
mult,2.09699e+06,0
deserialize,3821,0
mult,2.08173e+06,0
deserialize,3696,0
mult,2.09493e+06,0
deserialize,3765,0
mult,2.08506e+06,0
deserialize,3781,0
mult,2.09793e+06,0
deserialize,3830,0
mult,2.0857e+06,0
deserialize,3740,0
mult,2.09471e+06,0
deserialize,3641,0
mult,2.08076e+06,0
deserialize,3796,0
mult,2.09766e+06,0
deserialize,3778,0
mult,2.08175e+06,0
deserialize,3756,0
mult,2.09624e+06,0
deserialize,3772,0
mult,2.08536e+06,0
deserialize,3681,0
mult,2.09711e+06,0
deserialize,3754,0
mult,2.08076e+06,0
deserialize,3814,0
mult,2.08999e+06,0
deserialize,3584,0
mult,2.08226e+06,0
deserialize,3704,0
mult,2.09883e+06,0
deserialize,3710,0
mult,2.0859e+06,0
deserialize,3666,0
mult,2.09379e+06,0
deserialize,3494,0
mult,2.0807e+06,0
deserialize,3654,0
mult,2.09409e+06,0
deserialize,3853,0
mult,2.08849e+06,0
deserialize,3933,0
mult,2.09019e+06,0
deserialize,3642,0
mult,2.09192e+06,0
deserialize,3858,0
mult,2.08918e+06,0
deserialize,3580,0
mult,2.08817e+06,0
deserialize,3826,0
mult,2.08141e+06,0
deserialize,3612,0
mult,2.08917e+06,0
deserialize,3712,0
mult,2.092e+06,0
deserialize,3892,0
mult,2.09552e+06,0
deserialize,3951,0
mult,2.08652e+06,0
deserialize,3743,0
mult,2.08589e+06,0
deserialize,3847,0
mult,2.08432e+06,0
deserialize,3570,0
mult,2.08883e+06,0
deserialize,3924,0
mult,2.08802e+06,0
deserialize,3758,0
mult,2.08824e+06,0
deserialize,3767,0
mult,2.09333e+06,0
deserialize,3941,0
mult,2.09228e+06,0
deserialize,3993,0
mult,2.08891e+06,0
deserialize,3864,0
mult,2.09163e+06,0
deserialize,4053,0
mult,2.0874e+06,0
deserialize,3567,0
mult,2.09423e+06,0
deserialize,3494,0
mult,2.09475e+06,0
deserialize,3934,0
mult,2.09339e+06,0
deserialize,3640,0
mult,2.09861e+06,0
deserialize,3745,0
mult,2.09424e+06,0
deserialize,4007,0
mult,2.08358e+06,0
deserialize,3696,0
mult,2.08677e+06,0
deserialize,3581,0
mult,2.08869e+06,0
deserialize,3583,0
mult,9.9152e+06,0
deserialize,23192,0
mult,7.33752e+07,0
deserialize,6606,0
mult,5.98629e+07,0
deserialize,5939,0
mult,6.17055e+07,0
deserialize,20517,0
mult,2.56461e+07,0
deserialize,6537,0
mult,4.24148e+06,0
deserialize,4149,0
mult,2.09408e+06,0
deserialize,3814,0
mult,2.10445e+06,0
deserialize,3543,0
mult,2.08629e+06,0
deserialize,3770,0
mult,2.09823e+06,0
deserialize,3594,0
mult,2.08857e+06,0
deserialize,3683,0
mult,2.10259e+06,0
deserialize,3608,0
mult,2.07562e+06,0
deserialize,3561,0
mult,2.10414e+06,0
deserialize,3300,0
mult,2.0815e+06,0
deserialize,3633,0
mult,2.09924e+06,0
deserialize,3527,0
mult,2.07642e+06,0
deserialize,3730,0
mult,2.10891e+06,0
deserialize,3858,0
mult,2.08094e+06,0
deserialize,3655,0
mult,2.10754e+06,0
deserialize,3713,0
mult,2.07825e+06,0
deserialize,3555,0
mult,2.10496e+06,0
deserialize,3683,0
mult,2.08393e+06,0
deserialize,3591,0
mult,2.10556e+06,0
deserialize,3570,0
mult,2.07945e+06,0
deserialize,3545,0
mult,2.11205e+06,0
deserialize,3480,0
mult,2.07726e+06,0
deserialize,3597,0
mult,2.10176e+06,0
deserialize,3856,0
mult,2.08366e+06,0
deserialize,3508,0
mult,2.10626e+06,0
deserialize,3738,0
mult,2.07961e+06,0
deserialize,3621,0
mult,2.1001e+06,0
deserialize,3323,0
mult,2.08233e+06,0
deserialize,3571,0
mult,2.10097e+06,0
deserialize,3538,0
mult,2.08834e+06,0
deserialize,3519,0
mult,2.09978e+06,0
deserialize,4270,0
mult,2.09776e+06,0
deserialize,4116,0
mult,1.95684e+06,0
deserialize,3522,0
mult,1.97614e+06,0
deserialize,4137,0
mult,1.94918e+06,0
deserialize,3970,0
mult,1.98251e+06,0
deserialize,4027,0
mult,1.96157e+06,0
deserialize,3915,0
mult,1.98061e+06,0
gemm,2.73061e+09,0
wait_all,1.98563e+09,0
deserialize,6466,0
mult,2.18613e+06,0
deserialize,4739,0
mult,2.05014e+06,0
deserialize,3580,0
mult,2.03588e+06,0
deserialize,3394,0
mult,2.04249e+06,0
deserialize,3383,0
mult,2.04266e+06,0
deserialize,3638,0
mult,2.03544e+06,0
deserialize,3830,0
mult,2.04431e+06,0
deserialize,3460,0
mult,2.03548e+06,0
deserialize,3522,0
mult,2.04307e+06,0
deserialize,3397,0
mult,2.03406e+06,0
deserialize,3599,0
mult,2.04324e+06,0
deserialize,3630,0
mult,2.03781e+06,0
deserialize,3453,0
mult,2.04459e+06,0
deserialize,3263,0
mult,2.03695e+06,0
deserialize,3413,0
mult,2.04387e+06,0
deserialize,3354,0
mult,2.03475e+06,0
deserialize,3503,0
mult,2.0429e+06,0
deserialize,3480,0
mult,2.0367e+06,0
deserialize,3538,0
mult,2.04379e+06,0
deserialize,3635,0
mult,2.03545e+06,0
deserialize,3526,0
mult,2.04182e+06,0
deserialize,3519,0
mult,2.03685e+06,0
deserialize,3447,0
mult,2.04332e+06,0
deserialize,3397,0
mult,2.03636e+06,0
deserialize,3481,0
mult,2.04207e+06,0
deserialize,3443,0
mult,2.03459e+06,0
deserialize,3538,0
mult,2.04288e+06,0
deserialize,3499,0
mult,2.03606e+06,0
deserialize,3408,0
mult,2.04277e+06,0
deserialize,3444,0
mult,2.0361e+06,0
deserialize,3333,0
mult,2.04106e+06,0
deserialize,3449,0
mult,2.03549e+06,0
deserialize,3651,0
mult,2.04288e+06,0
deserialize,3402,0
mult,2.03709e+06,0
deserialize,3496,0
mult,2.04266e+06,0
deserialize,3419,0
mult,2.03472e+06,0
deserialize,3433,0
mult,2.04254e+06,0
deserialize,3635,0
mult,2.0342e+06,0
deserialize,3459,0
mult,2.04304e+06,0
deserialize,3610,0
mult,2.0359e+06,0
deserialize,3354,0
mult,2.04205e+06,0
deserialize,3440,0
mult,2.03583e+06,0
deserialize,3339,0
mult,2.04252e+06,0
deserialize,3422,0
mult,2.03371e+06,0
deserialize,3383,0
mult,2.0423e+06,0
deserialize,3358,0
mult,2.03407e+06,0
deserialize,3447,0
mult,2.04193e+06,0
deserialize,3680,0
mult,2.03566e+06,0
deserialize,3294,0
mult,2.04108e+06,0
deserialize,3571,0
mult,2.04315e+06,0
deserialize,3443,0
mult,2.03617e+06,0
deserialize,3383,0
mult,2.04333e+06,0
deserialize,3237,0
mult,2.03706e+06,0
deserialize,3449,0
mult,2.04349e+06,0
deserialize,3431,0
mult,2.03526e+06,0
deserialize,3733,0
mult,2.04171e+06,0
deserialize,3613,0
mult,2.03554e+06,0
deserialize,3695,0
mult,2.04459e+06,0
deserialize,3356,0
mult,2.03543e+06,0
deserialize,3487,0
mult,2.04257e+06,0
deserialize,3656,0
mult,2.03531e+06,0
deserialize,3543,0
mult,2.04696e+06,0
deserialize,3555,0
mult,2.0359e+06,0
deserialize,3224,0
mult,2.0412e+06,0
deserialize,3513,0
mult,2.03606e+06,0
deserialize,3488,0
mult,2.04036e+06,0
deserialize,3611,0
mult,2.03557e+06,0
deserialize,3562,0
mult,2.0465e+06,0
deserialize,3350,0
mult,2.0345e+06,0
deserialize,3510,0
mult,2.04244e+06,0
deserialize,3519,0
mult,2.0369e+06,0
deserialize,3680,0
mult,2.0413e+06,0
deserialize,3573,0
mult,2.03552e+06,0
deserialize,3319,0
mult,2.04354e+06,0
deserialize,3246,0
mult,2.03528e+06,0
deserialize,3285,0
mult,2.04506e+06,0
deserialize,3457,0
mult,2.0355e+06,0
deserialize,3561,0
mult,2.04226e+06,0
deserialize,3558,0
mult,2.0351e+06,0
deserialize,3493,0
mult,2.04166e+06,0
deserialize,3658,0
mult,2.03436e+06,0
deserialize,3318,0
mult,2.04286e+06,0
deserialize,3829,0
mult,2.03622e+06,0
deserialize,3543,0
mult,2.04292e+06,0
deserialize,3422,0
mult,2.03581e+06,0
deserialize,3542,0
mult,2.04175e+06,0
deserialize,3441,0
mult,2.03523e+06,0
deserialize,3394,0
mult,2.04344e+06,0
deserialize,3439,0
mult,2.03475e+06,0
deserialize,3491,0
mult,2.04156e+06,0
deserialize,3883,0
mult,2.03608e+06,0
deserialize,3434,0
mult,2.04322e+06,0
deserialize,3447,0
mult,2.03688e+06,0
deserialize,3577,0
mult,2.0426e+06,0
deserialize,3477,0
mult,2.04247e+06,0
deserialize,3578,0
mult,2.03534e+06,0
deserialize,3484,0
mult,2.04031e+06,0
deserialize,3769,0
mult,2.03658e+06,0
deserialize,3370,0
mult,2.04166e+06,0
deserialize,3295,0
mult,2.03479e+06,0
deserialize,3410,0
mult,2.0413e+06,0
deserialize,3393,0
mult,2.03585e+06,0
deserialize,3543,0
mult,2.042e+06,0
deserialize,3614,0
mult,2.03722e+06,0
deserialize,3566,0
mult,2.04117e+06,0
deserialize,3673,0
mult,2.03617e+06,0
deserialize,3695,0
mult,2.04297e+06,0
deserialize,3365,0
mult,2.03639e+06,0
deserialize,3573,0
mult,2.04131e+06,0
deserialize,3438,0
mult,2.03637e+06,0
deserialize,3573,0
mult,2.04186e+06,0
deserialize,3671,0
mult,2.03435e+06,0
deserialize,3645,0
mult,2.04232e+06,0
deserialize,3552,0
mult,2.03688e+06,0
deserialize,3512,0
mult,2.0395e+06,0
deserialize,3519,0
mult,2.0358e+06,0
deserialize,3509,0
mult,2.04283e+06,0
deserialize,3445,0
mult,2.03634e+06,0
deserialize,3329,0
mult,2.04206e+06,0
deserialize,3399,0
mult,2.03697e+06,0
deserialize,3457,0
mult,2.0413e+06,0
deserialize,3516,0
mult,2.03526e+06,0
deserialize,3404,0
mult,2.04114e+06,0
deserialize,3533,0
mult,2.03691e+06,0
deserialize,3492,0
mult,2.04414e+06,0
deserialize,3568,0
mult,2.0358e+06,0
deserialize,3447,0
mult,2.04257e+06,0
deserialize,3680,0
mult,2.0354e+06,0
deserialize,3550,0
mult,2.04291e+06,0
deserialize,3385,0
mult,2.03586e+06,0
deserialize,3449,0
mult,2.04201e+06,0
deserialize,3507,0
mult,2.0347e+06,0
deserialize,3317,0
mult,2.04089e+06,0
deserialize,3683,0
mult,2.03526e+06,0
deserialize,3628,0
mult,2.04215e+06,0
deserialize,3461,0
mult,2.0363e+06,0
deserialize,3385,0
mult,2.04072e+06,0
deserialize,3429,0
mult,2.03574e+06,0
deserialize,3368,0
mult,2.04109e+06,0
deserialize,3503,0
mult,2.04335e+06,0
deserialize,3457,0
mult,2.03544e+06,0
deserialize,3378,0
mult,2.04234e+06,0
deserialize,3482,0
mult,2.03659e+06,0
deserialize,3606,0
mult,2.04092e+06,0
deserialize,3803,0
mult,2.03575e+06,0
deserialize,3231,0
mult,2.04231e+06,0
deserialize,3456,0
mult,2.03674e+06,0
deserialize,3408,0
mult,2.04127e+06,0
deserialize,3650,0
mult,2.03458e+06,0
deserialize,3579,0
mult,2.04062e+06,0
deserialize,3416,0
mult,2.03545e+06,0
deserialize,3556,0
mult,2.04129e+06,0
deserialize,3661,0
mult,2.03748e+06,0
deserialize,3347,0
mult,2.04122e+06,0
deserialize,3873,0
mult,2.03491e+06,0
deserialize,3360,0
mult,2.04162e+06,0
deserialize,3550,0
mult,2.03588e+06,0
deserialize,3266,0
mult,2.0411e+06,0
deserialize,3623,0
mult,2.035e+06,0
deserialize,3572,0
mult,2.04233e+06,0
deserialize,3573,0
mult,2.03547e+06,0
deserialize,3453,0
mult,2.04255e+06,0
deserialize,3487,0
mult,2.03748e+06,0
deserialize,3416,0
mult,2.04024e+06,0
deserialize,3659,0
mult,2.03691e+06,0
deserialize,3513,0
mult,2.04168e+06,0
deserialize,3668,0
mult,2.03537e+06,0
deserialize,3330,0
mult,2.03976e+06,0
deserialize,3787,0
mult,2.03547e+06,0
deserialize,3677,0
mult,2.04296e+06,0
deserialize,3463,0
mult,2.03564e+06,0
deserialize,3413,0
mult,2.04196e+06,0
deserialize,3719,0
mult,2.03683e+06,0
deserialize,3473,0
mult,2.04317e+06,0
deserialize,3581,0
mult,2.03717e+06,0
deserialize,3748,0
mult,2.04149e+06,0
deserialize,3293,0
mult,2.03525e+06,0
deserialize,3497,0
mult,2.04193e+06,0
deserialize,3547,0
mult,2.03466e+06,0
deserialize,3361,0
mult,2.04227e+06,0
deserialize,3674,0
mult,2.03568e+06,0
deserialize,3357,0
mult,2.04025e+06,0
deserialize,3677,0
mult,2.0366e+06,0
deserialize,3573,0
mult,2.04124e+06,0
deserialize,3214,0
mult,2.04119e+06,0
deserialize,3709,0
mult,2.0367e+06,0
deserialize,3525,0
mult,2.04236e+06,0
deserialize,3537,0
mult,2.03595e+06,0
deserialize,3395,0
mult,2.04413e+06,0
deserialize,3333,0
mult,2.03536e+06,0
deserialize,3398,0
mult,2.04004e+06,0
deserialize,3654,0
mult,2.03404e+06,0
deserialize,3618,0
mult,2.04079e+06,0
deserialize,3443,0
mult,2.03443e+06,0
deserialize,3247,0
mult,2.0408e+06,0
deserialize,3650,0
mult,2.03514e+06,0
deserialize,3595,0
mult,2.04165e+06,0
deserialize,3624,0
mult,2.03632e+06,0
deserialize,3327,0
mult,2.04191e+06,0
deserialize,3571,0
mult,2.03693e+06,0
deserialize,3508,0
mult,2.04266e+06,0
deserialize,3754,0
mult,2.03622e+06,0
deserialize,3530,0
mult,2.04273e+06,0
deserialize,3485,0
mult,2.03715e+06,0
deserialize,3448,0
mult,2.04306e+06,0
deserialize,3663,0
mult,2.03666e+06,0
deserialize,3345,0
mult,2.04224e+06,0
deserialize,3986,0
mult,2.03758e+06,0
deserialize,3652,0
mult,2.04133e+06,0
deserialize,3653,0
mult,2.03633e+06,0
deserialize,3489,0
mult,2.04264e+06,0
deserialize,3707,0
mult,2.03801e+06,0
deserialize,3633,0
mult,2.0411e+06,0
deserialize,3572,0
mult,9.9319e+06,0
deserialize,20510,0
mult,7.32529e+07,0
deserialize,5947,0
mult,5.92251e+07,0
deserialize,3930,0
mult,6.13522e+07,0
deserialize,21584,0
mult,2.53941e+07,0
deserialize,7686,0
mult,4.41456e+06,0
deserialize,4722,0
mult,2.0666e+06,0
deserialize,4762,0
mult,2.03692e+06,0
deserialize,3406,0
mult,2.0455e+06,0
deserialize,3674,0
mult,2.03656e+06,0
deserialize,3895,0
mult,2.04455e+06,0
deserialize,4083,0
mult,2.03673e+06,0
deserialize,3575,0
mult,2.04153e+06,0
deserialize,3962,0
mult,2.03758e+06,0
deserialize,3782,0
mult,2.04474e+06,0
deserialize,3774,0
mult,2.0355e+06,0
deserialize,3662,0
mult,2.0425e+06,0
deserialize,3707,0
mult,2.03712e+06,0
deserialize,3682,0
mult,2.04386e+06,0
deserialize,3642,0
mult,2.0373e+06,0
deserialize,3772,0
mult,2.04291e+06,0
deserialize,3613,0
mult,2.03603e+06,0
deserialize,3522,0
mult,2.04485e+06,0
deserialize,3636,0
mult,2.03677e+06,0
deserialize,3525,0
mult,2.04463e+06,0
deserialize,3510,0
mult,2.03588e+06,0
deserialize,3607,0
mult,2.04269e+06,0
deserialize,3577,0
mult,2.03623e+06,0
deserialize,10369,0
mult,2.03712e+06,0
deserialize,3550,0
mult,2.04355e+06,0
deserialize,3565,0
mult,2.03538e+06,0
deserialize,3474,0
mult,2.04178e+06,0
deserialize,3551,0
mult,2.03602e+06,0
deserialize,3825,0
mult,2.04253e+06,0
deserialize,3754,0
mult,2.03634e+06,0
deserialize,3570,0
mult,2.04613e+06,0
deserialize,3544,0
mult,2.03597e+06,0
deserialize,3703,0
mult,2.04283e+06,0
deserialize,3682,0
mult,2.03693e+06,0
deserialize,3607,0
mult,2.04261e+06,0
deserialize,3547,0
mult,2.03659e+06,0
deserialize,3535,0
mult,2.04347e+06,0
deserialize,3462,0
mult,2.03671e+06,0
gemm,2.69391e+09,0
wait_all,1.9494e+09,0
deserialize,5581,0
mult,2.16219e+06,0
deserialize,3848,0
mult,2.0365e+06,0
deserialize,3293,0
mult,2.04697e+06,0
deserialize,3460,0
mult,2.03536e+06,0
deserialize,3248,0
mult,2.04217e+06,0
deserialize,3362,0
mult,2.03519e+06,0
deserialize,3737,0
mult,2.04412e+06,0
deserialize,3297,0
mult,2.03626e+06,0
deserialize,3308,0
mult,2.04108e+06,0
deserialize,3336,0
mult,2.03608e+06,0
deserialize,3270,0
mult,2.04376e+06,0
deserialize,3785,0
mult,2.03667e+06,0
deserialize,3241,0
mult,2.04202e+06,0
deserialize,3442,0
mult,2.03657e+06,0
deserialize,3346,0
mult,2.04585e+06,0
deserialize,3384,0
mult,2.03618e+06,0
deserialize,3117,0
mult,2.04418e+06,0
deserialize,3418,0
mult,2.0363e+06,0
deserialize,3336,0
mult,2.04338e+06,0
deserialize,3384,0
mult,2.03542e+06,0
deserialize,3415,0
mult,2.04237e+06,0
deserialize,3391,0
mult,2.03634e+06,0
deserialize,3382,0
mult,2.04403e+06,0
deserialize,3565,0
mult,2.03548e+06,0
deserialize,3082,0
mult,2.04172e+06,0
deserialize,3340,0
mult,2.03732e+06,0
deserialize,3505,0
mult,2.04308e+06,0
deserialize,3534,0
mult,2.03683e+06,0
deserialize,3256,0
mult,2.041e+06,0
deserialize,3701,0
mult,2.03776e+06,0
deserialize,3334,0
mult,2.04158e+06,0
deserialize,3312,0
mult,2.0398e+06,0
deserialize,3334,0
mult,2.0364e+06,0
deserialize,3432,0
mult,2.04353e+06,0
deserialize,3254,0
mult,2.03679e+06,0
deserialize,3442,0
mult,2.04144e+06,0
deserialize,3466,0
mult,2.03623e+06,0
deserialize,3193,0
mult,2.04117e+06,0
deserialize,3710,0
mult,2.03537e+06,0
deserialize,3577,0
mult,2.04476e+06,0
deserialize,3219,0
mult,2.03674e+06,0
deserialize,3322,0
mult,2.04227e+06,0
deserialize,3573,0
mult,2.0377e+06,0
deserialize,3297,0
mult,2.04316e+06,0
deserialize,3618,0
mult,2.03547e+06,0
deserialize,3246,0
mult,2.04356e+06,0
deserialize,3226,0
mult,2.03666e+06,0
deserialize,3607,0
mult,2.0431e+06,0
deserialize,3389,0
mult,2.03503e+06,0
deserialize,3433,0
mult,2.04458e+06,0
deserialize,3508,0
mult,2.03631e+06,0
deserialize,3300,0
mult,2.04295e+06,0
deserialize,3330,0
mult,2.03836e+06,0
deserialize,3446,0
mult,2.04234e+06,0
deserialize,3218,0
mult,2.03483e+06,0
deserialize,3174,0
mult,2.04176e+06,0
deserialize,3747,0
mult,2.03542e+06,0
deserialize,3340,0
mult,2.04219e+06,0
deserialize,3303,0
mult,2.0362e+06,0
deserialize,3470,0
mult,2.04462e+06,0
deserialize,3363,0
mult,2.03572e+06,0
deserialize,3153,0
mult,2.04362e+06,0
deserialize,3287,0
mult,2.03616e+06,0
deserialize,3518,0
mult,2.04492e+06,0
deserialize,3489,0
mult,2.03692e+06,0
deserialize,3381,0
mult,2.04208e+06,0
deserialize,3398,0
mult,2.03558e+06,0
deserialize,3429,0
mult,2.04009e+06,0
deserialize,3228,0
mult,2.03588e+06,0
deserialize,3431,0
mult,2.04396e+06,0
deserialize,3305,0
mult,2.03693e+06,0
deserialize,3072,0
mult,2.04086e+06,0
deserialize,3222,0
mult,2.03471e+06,0
deserialize,3370,0
mult,2.04102e+06,0
deserialize,3377,0
mult,2.03613e+06,0
deserialize,3329,0
mult,2.04109e+06,0
deserialize,3449,0
mult,2.0394e+06,0
deserialize,3444,0
mult,2.03527e+06,0
deserialize,3283,0
mult,2.04316e+06,0
deserialize,3341,0
mult,2.03634e+06,0
deserialize,3247,0
mult,2.0408e+06,0
deserialize,3427,0
mult,2.0357e+06,0
deserialize,3460,0
mult,2.04152e+06,0
deserialize,3453,0
mult,2.03805e+06,0
deserialize,3453,0
mult,2.0427e+06,0
deserialize,3429,0
mult,2.03557e+06,0
deserialize,3250,0
mult,2.04114e+06,0
deserialize,3312,0
mult,2.03779e+06,0
deserialize,3597,0
mult,2.04261e+06,0
deserialize,3564,0
mult,2.03541e+06,0
deserialize,3238,0
mult,2.04222e+06,0
deserialize,3369,0
mult,2.03612e+06,0
deserialize,3454,0
mult,2.04259e+06,0
deserialize,3383,0
mult,2.03679e+06,0
deserialize,3271,0
mult,2.04309e+06,0
deserialize,3457,0
mult,2.03527e+06,0
deserialize,3344,0
mult,2.04248e+06,0
deserialize,3355,0
mult,2.03643e+06,0
deserialize,3284,0
mult,2.04062e+06,0
deserialize,3366,0
mult,2.03532e+06,0
deserialize,3273,0
mult,2.04228e+06,0
deserialize,3338,0
mult,2.03569e+06,0
deserialize,3353,0
mult,2.04144e+06,0
deserialize,3357,0
mult,2.03606e+06,0
deserialize,3214,0
mult,2.04257e+06,0
deserialize,3507,0
mult,2.03763e+06,0
deserialize,3244,0
mult,2.04263e+06,0
deserialize,3343,0
mult,2.0351e+06,0
deserialize,3390,0
mult,2.04084e+06,0
deserialize,3356,0
mult,2.03618e+06,0
deserialize,3230,0
mult,2.04291e+06,0
deserialize,3370,0
mult,2.03665e+06,0
deserialize,3577,0
mult,2.04244e+06,0
deserialize,3485,0
mult,2.03607e+06,0
deserialize,3560,0
mult,2.04317e+06,0
deserialize,3659,0
mult,2.03573e+06,0
deserialize,3280,0
mult,2.04162e+06,0
deserialize,3716,0
mult,2.03527e+06,0
deserialize,3464,0
mult,2.04282e+06,0
deserialize,3366,0
mult,2.03744e+06,0
deserialize,3380,0
mult,2.04191e+06,0
deserialize,3617,0
mult,2.03915e+06,0
deserialize,3511,0
mult,2.03808e+06,0
deserialize,3633,0
mult,2.04237e+06,0
deserialize,3340,0
mult,2.03689e+06,0
deserialize,3447,0
mult,2.04364e+06,0
deserialize,3420,0
mult,2.03562e+06,0
deserialize,3331,0
mult,2.04175e+06,0
deserialize,3399,0
mult,2.03768e+06,0
deserialize,3710,0
mult,2.04151e+06,0
deserialize,3387,0
mult,2.03564e+06,0
deserialize,3437,0
mult,2.04054e+06,0
deserialize,3155,0
mult,2.03677e+06,0
deserialize,3366,0
mult,2.04204e+06,0
deserialize,3728,0
mult,2.03639e+06,0
deserialize,3334,0
mult,2.04317e+06,0
deserialize,3328,0
mult,2.03586e+06,0
deserialize,3887,0
mult,2.04565e+06,0
deserialize,3539,0
mult,2.03545e+06,0
deserialize,3500,0
mult,2.04092e+06,0
deserialize,3108,0
mult,2.03668e+06,0
deserialize,3483,0
mult,2.04239e+06,0
deserialize,3560,0
mult,2.03727e+06,0
deserialize,3397,0
mult,2.04086e+06,0
deserialize,3335,0
mult,2.03579e+06,0
deserialize,3515,0
mult,2.04162e+06,0
deserialize,3325,0
mult,2.03741e+06,0
deserialize,3311,0
mult,2.0411e+06,0
deserialize,3508,0
mult,2.03545e+06,0
deserialize,3378,0
mult,2.04111e+06,0
deserialize,3513,0
mult,2.03638e+06,0
deserialize,3432,0
mult,2.0429e+06,0
deserialize,3491,0
mult,2.0356e+06,0
deserialize,3382,0
mult,2.0408e+06,0
deserialize,3542,0
mult,2.03466e+06,0
deserialize,3619,0
mult,2.04315e+06,0
deserialize,3450,0
mult,2.0352e+06,0
deserialize,3443,0
mult,2.04121e+06,0
deserialize,3214,0
mult,2.0361e+06,0
deserialize,3437,0
mult,2.04262e+06,0
deserialize,3436,0
mult,2.03645e+06,0
deserialize,3346,0
mult,2.04369e+06,0
deserialize,3592,0
mult,2.03597e+06,0
deserialize,3177,0
mult,2.04204e+06,0
deserialize,3263,0
mult,2.03669e+06,0
deserialize,3297,0
mult,2.04012e+06,0
deserialize,3731,0
mult,2.0409e+06,0
deserialize,3614,0
mult,2.0356e+06,0
deserialize,3528,0
mult,2.04096e+06,0
deserialize,3372,0
mult,2.03696e+06,0
deserialize,3313,0
mult,2.04101e+06,0
deserialize,3765,0
mult,2.03533e+06,0
deserialize,3383,0
mult,2.04185e+06,0
deserialize,3680,0
mult,2.0363e+06,0
deserialize,3426,0
mult,2.04349e+06,0
deserialize,3683,0
mult,2.03586e+06,0
deserialize,3205,0
mult,2.04214e+06,0
deserialize,3460,0
mult,2.03726e+06,0
deserialize,3300,0
mult,2.04278e+06,0
deserialize,3328,0
mult,2.03601e+06,0
deserialize,3375,0
mult,2.04099e+06,0
deserialize,3626,0
mult,2.0367e+06,0
deserialize,3126,0
mult,2.04217e+06,0
deserialize,3430,0
mult,2.03644e+06,0
deserialize,3177,0
mult,2.03938e+06,0
deserialize,3357,0
mult,2.03716e+06,0
deserialize,3351,0
mult,2.04308e+06,0
deserialize,3346,0
mult,2.03714e+06,0
deserialize,3282,0
mult,2.04411e+06,0
deserialize,3193,0
mult,2.03539e+06,0
deserialize,3185,0
mult,2.04113e+06,0
deserialize,3492,0
mult,2.03705e+06,0
deserialize,3391,0
mult,2.04167e+06,0
deserialize,3310,0
mult,2.03616e+06,0
deserialize,3228,0
mult,2.04126e+06,0
deserialize,3399,0
mult,2.03636e+06,0
deserialize,3389,0
mult,2.04216e+06,0
deserialize,3381,0
mult,2.03656e+06,0
deserialize,3179,0
mult,2.04093e+06,0
deserialize,3928,0
mult,2.03663e+06,0
deserialize,3302,0
mult,2.04242e+06,0
deserialize,3488,0
mult,2.03657e+06,0
deserialize,3323,0
mult,2.04213e+06,0
deserialize,3717,0
mult,2.0349e+06,0
deserialize,3485,0
mult,2.04411e+06,0
deserialize,3423,0
mult,2.03758e+06,0
deserialize,3264,0
mult,2.04368e+06,0
deserialize,3423,0
mult,2.03805e+06,0
deserialize,3210,0
mult,2.04355e+06,0
deserialize,3487,0
mult,2.03734e+06,0
deserialize,3434,0
mult,2.04356e+06,0
deserialize,3480,0
mult,2.04195e+06,0
deserialize,3399,0
mult,2.03617e+06,0
deserialize,3390,0
mult,9.68915e+06,0
deserialize,3644,0
mult,7.31359e+07,0
deserialize,5846,0
mult,5.94274e+07,0
deserialize,2754,0
mult,6.08564e+07,0
deserialize,24271,0
mult,2.56217e+07,0
deserialize,7287,0
mult,4.33739e+06,0
deserialize,3955,0
mult,2.0577e+06,0
deserialize,3672,0
mult,2.03874e+06,0
deserialize,3420,0
mult,2.04481e+06,0
deserialize,3763,0
mult,2.03761e+06,0
deserialize,3635,0
mult,2.04695e+06,0
deserialize,3524,0
mult,2.03858e+06,0
deserialize,3627,0
mult,2.04509e+06,0
deserialize,3776,0
mult,2.03797e+06,0
deserialize,3734,0
mult,2.04464e+06,0
deserialize,3610,0
mult,2.03715e+06,0
deserialize,3380,0
mult,2.0444e+06,0
deserialize,3726,0
mult,2.03973e+06,0
deserialize,3759,0
mult,2.04347e+06,0
deserialize,3506,0
mult,2.0392e+06,0
deserialize,3427,0
mult,2.04501e+06,0
deserialize,3500,0
mult,2.03714e+06,0
deserialize,3610,0
mult,2.04261e+06,0
deserialize,3499,0
mult,2.04737e+06,0
deserialize,3363,0
mult,2.03672e+06,0
deserialize,3516,0
mult,2.04532e+06,0
deserialize,3680,0
mult,2.03635e+06,0
deserialize,3478,0
mult,2.04403e+06,0
deserialize,3647,0
mult,2.03628e+06,0
deserialize,3354,0
mult,2.04525e+06,0
deserialize,3636,0
mult,2.03805e+06,0
deserialize,3445,0
mult,2.04738e+06,0
deserialize,3347,0
mult,2.03617e+06,0
deserialize,3504,0
mult,2.04441e+06,0
deserialize,3400,0
mult,2.03714e+06,0
deserialize,3616,0
mult,2.05947e+06,0
deserialize,3409,0
mult,2.03679e+06,0
deserialize,3648,0
mult,2.04402e+06,0
deserialize,3450,0
mult,2.03524e+06,0
deserialize,3864,0
mult,2.04566e+06,0
deserialize,3378,0
mult,2.03764e+06,0
deserialize,3207,0
mult,2.04486e+06,0
deserialize,3890,0
mult,2.06386e+06,0
gemm,2.72021e+09,0
wait_all,1.97212e+09,0
deserialize,5215,0
mult,2.16198e+06,0
deserialize,3778,0
mult,2.05294e+06,0
deserialize,3185,0
mult,2.05341e+06,0
deserialize,3416,0
mult,2.05261e+06,0
deserialize,3596,0
mult,2.04637e+06,0
deserialize,3374,0
mult,2.04561e+06,0
deserialize,3455,0
mult,2.04783e+06,0
deserialize,3452,0
mult,2.05241e+06,0
deserialize,3295,0
mult,2.04744e+06,0
deserialize,3135,0
mult,2.04683e+06,0
deserialize,3661,0
mult,2.04564e+06,0
deserialize,3529,0
mult,2.04596e+06,0
deserialize,3590,0
mult,2.0604e+06,0
deserialize,3508,0
mult,2.07037e+06,0
deserialize,3576,0
mult,2.03879e+06,0
deserialize,3542,0
mult,2.05589e+06,0
deserialize,3414,0
mult,2.0493e+06,0
deserialize,3571,0
mult,2.06673e+06,0
deserialize,3389,0
mult,2.03756e+06,0
deserialize,3354,0
mult,2.05759e+06,0
deserialize,3414,0
mult,2.04324e+06,0
deserialize,3454,0
mult,2.0639e+06,0
deserialize,3459,0
mult,2.0392e+06,0
deserialize,3303,0
mult,2.0529e+06,0
deserialize,3230,0
mult,2.03962e+06,0
deserialize,3333,0
mult,2.06181e+06,0
deserialize,3385,0
mult,2.04102e+06,0
deserialize,3720,0
mult,2.06051e+06,0
deserialize,3492,0
mult,2.03843e+06,0
deserialize,3796,0
mult,2.05358e+06,0
deserialize,3635,0
mult,2.05281e+06,0
deserialize,3319,0
mult,2.07088e+06,0
deserialize,3517,0
mult,2.03942e+06,0
deserialize,3513,0
mult,2.06224e+06,0
deserialize,3107,0
mult,2.05308e+06,0
deserialize,3124,0
mult,2.07084e+06,0
deserialize,3373,0
mult,2.03782e+06,0
deserialize,3348,0
mult,2.06393e+06,0
deserialize,3636,0
mult,2.04441e+06,0
deserialize,3369,0
mult,2.0647e+06,0
deserialize,3202,0
mult,2.03718e+06,0
deserialize,3510,0
mult,2.05661e+06,0
deserialize,3374,0
mult,2.04021e+06,0
deserialize,3274,0
mult,2.06087e+06,0
deserialize,3282,0
mult,2.04356e+06,0
deserialize,3278,0
mult,2.05804e+06,0
deserialize,3551,0
mult,2.03976e+06,0
deserialize,3131,0
mult,2.05819e+06,0
deserialize,3584,0
mult,2.06135e+06,0
deserialize,3576,0
mult,2.06104e+06,0
deserialize,3446,0
mult,2.04435e+06,0
deserialize,3368,0
mult,2.05173e+06,0
deserialize,3264,0
mult,2.05734e+06,0
deserialize,3461,0
mult,2.06559e+06,0
deserialize,3299,0
mult,2.04349e+06,0
deserialize,3363,0
mult,2.05309e+06,0
deserialize,3390,0
mult,2.05028e+06,0
deserialize,3387,0
mult,2.05605e+06,0
deserialize,3371,0
mult,2.0452e+06,0
deserialize,3410,0
mult,2.05233e+06,0
deserialize,3699,0
mult,2.05172e+06,0
deserialize,3258,0
mult,2.0537e+06,0
deserialize,3309,0
mult,2.04944e+06,0
deserialize,3405,0
mult,2.04818e+06,0
deserialize,3391,0
mult,2.04701e+06,0
deserialize,3264,0
mult,2.057e+06,0
deserialize,3379,0
mult,2.06466e+06,0
deserialize,3649,0
mult,2.05887e+06,0
deserialize,3274,0
mult,2.04618e+06,0
deserialize,3409,0
mult,2.04879e+06,0
deserialize,3273,0
mult,2.06078e+06,0
deserialize,3319,0
mult,2.06644e+06,0
deserialize,3220,0
mult,2.04571e+06,0
deserialize,3497,0
mult,2.05362e+06,0
deserialize,3356,0
mult,2.05452e+06,0
deserialize,3357,0
mult,2.05469e+06,0
deserialize,3156,0
mult,2.04452e+06,0
deserialize,3385,0
mult,2.05292e+06,0
deserialize,3307,0
mult,2.04705e+06,0
deserialize,3336,0
mult,2.05265e+06,0
deserialize,3278,0
mult,2.04614e+06,0
deserialize,3646,0
mult,2.0485e+06,0
deserialize,3491,0
mult,2.04721e+06,0
deserialize,3497,0
mult,2.05937e+06,0
deserialize,3737,0
mult,2.05905e+06,0
deserialize,3361,0
mult,2.06126e+06,0
deserialize,3283,0
mult,2.03766e+06,0
deserialize,3413,0
mult,2.05628e+06,0
deserialize,3476,0
mult,2.05143e+06,0
deserialize,3315,0
mult,2.06885e+06,0
deserialize,3380,0
mult,2.03977e+06,0
deserialize,3234,0
mult,2.05824e+06,0
deserialize,3513,0
mult,2.04426e+06,0
deserialize,3482,0
mult,2.06451e+06,0
deserialize,3436,0
mult,2.03927e+06,0
deserialize,3531,0
mult,2.05616e+06,0
deserialize,3442,0
mult,2.04354e+06,0
deserialize,3530,0
mult,2.05657e+06,0
deserialize,3277,0
mult,2.04299e+06,0
deserialize,3238,0
mult,2.05437e+06,0
deserialize,3727,0
mult,2.038e+06,0
deserialize,3174,0
mult,2.05593e+06,0
deserialize,3331,0
mult,2.05764e+06,0
deserialize,3246,0
mult,2.06115e+06,0
deserialize,3275,0
mult,2.03904e+06,0
deserialize,3503,0
mult,2.05621e+06,0
deserialize,3497,0
mult,2.05005e+06,0
deserialize,3318,0
mult,2.06526e+06,0
deserialize,3470,0
mult,2.03911e+06,0
deserialize,3482,0
mult,2.0545e+06,0
deserialize,3413,0
mult,2.04809e+06,0
deserialize,3204,0
mult,2.0618e+06,0
deserialize,3359,0
mult,2.03871e+06,0
deserialize,3270,0
mult,2.0558e+06,0
deserialize,3516,0
mult,2.04303e+06,0
deserialize,3497,0
mult,2.05418e+06,0
deserialize,3460,0
mult,2.04332e+06,0
deserialize,3294,0
mult,2.0559e+06,0
deserialize,3433,0
mult,2.04438e+06,0
deserialize,3477,0
mult,2.0497e+06,0
deserialize,3327,0
mult,2.06214e+06,0
deserialize,3714,0
mult,2.05319e+06,0
deserialize,3313,0
mult,2.04773e+06,0
deserialize,3384,0
mult,2.05045e+06,0
deserialize,3366,0
mult,2.05568e+06,0
deserialize,3362,0
mult,2.06011e+06,0
deserialize,3336,0
mult,2.04438e+06,0
deserialize,3497,0
mult,2.04799e+06,0
deserialize,3487,0
mult,2.0569e+06,0
deserialize,3452,0
mult,2.0579e+06,0
deserialize,3571,0
mult,2.04318e+06,0
deserialize,3519,0
mult,2.04884e+06,0
deserialize,3266,0
mult,2.04784e+06,0
deserialize,3400,0
mult,2.04546e+06,0
deserialize,3470,0
mult,2.04923e+06,0
deserialize,3618,0
mult,2.05039e+06,0
deserialize,3334,0
mult,2.04301e+06,0
deserialize,3452,0
mult,2.04931e+06,0
deserialize,3295,0
mult,2.06051e+06,0
deserialize,3562,0
mult,2.05358e+06,0
deserialize,3206,0
mult,2.04449e+06,0
deserialize,3393,0
mult,2.04861e+06,0
deserialize,3388,0
mult,2.05761e+06,0
deserialize,3838,0
mult,2.06176e+06,0
deserialize,3606,0
mult,2.04308e+06,0
deserialize,3317,0
mult,2.04778e+06,0
deserialize,3360,0
mult,2.05275e+06,0
deserialize,3449,0
mult,2.0545e+06,0
deserialize,3592,0
mult,2.04369e+06,0
deserialize,3352,0
mult,2.04967e+06,0
deserialize,3261,0
mult,2.04548e+06,0
deserialize,3517,0
mult,2.04851e+06,0
deserialize,3740,0
mult,2.04744e+06,0
deserialize,3435,0
mult,2.053e+06,0
deserialize,3706,0
mult,2.03764e+06,0
deserialize,3188,0
mult,2.05551e+06,0
deserialize,3394,0
mult,2.05216e+06,0
deserialize,3345,0
mult,2.05741e+06,0
deserialize,3628,0
mult,2.03822e+06,0
deserialize,3318,0
mult,2.052e+06,0
deserialize,3477,0
mult,2.05449e+06,0
deserialize,3548,0
mult,2.07143e+06,0
deserialize,3400,0
mult,2.03739e+06,0
deserialize,3626,0
mult,2.05333e+06,0
deserialize,3477,0
mult,2.0471e+06,0
deserialize,3680,0
mult,2.05942e+06,0
deserialize,3355,0
mult,2.03794e+06,0
deserialize,3462,0
mult,2.05598e+06,0
deserialize,3519,0
mult,2.0417e+06,0
deserialize,3357,0
mult,2.05462e+06,0
deserialize,3177,0
mult,2.04094e+06,0
deserialize,3392,0
mult,2.05346e+06,0
deserialize,3649,0
mult,2.0392e+06,0
deserialize,3666,0
mult,2.05794e+06,0
deserialize,3629,0
mult,2.05099e+06,0
deserialize,3346,0
mult,2.06051e+06,0
deserialize,3540,0
mult,2.03835e+06,0
deserialize,3653,0
mult,2.05344e+06,0
deserialize,3143,0
mult,2.05342e+06,0
deserialize,3241,0
mult,2.07106e+06,0
deserialize,3620,0
mult,2.03643e+06,0
deserialize,3135,0
mult,2.05283e+06,0
deserialize,3442,0
mult,2.04565e+06,0
deserialize,3104,0
mult,2.05944e+06,0
deserialize,3494,0
mult,2.03716e+06,0
deserialize,3310,0
mult,2.05906e+06,0
deserialize,3613,0
mult,2.04206e+06,0
deserialize,3328,0
mult,2.05168e+06,0
deserialize,3425,0
mult,2.0403e+06,0
deserialize,3365,0
mult,2.0543e+06,0
deserialize,3247,0
mult,2.04362e+06,0
deserialize,3430,0
mult,2.05136e+06,0
deserialize,3593,0
mult,2.05447e+06,0
deserialize,3460,0
mult,2.05593e+06,0
deserialize,3200,0
mult,2.04103e+06,0
deserialize,3435,0
mult,2.04795e+06,0
deserialize,3247,0
mult,2.06348e+06,0
deserialize,3546,0
mult,2.06718e+06,0
deserialize,3483,0
mult,2.04407e+06,0
deserialize,3415,0
mult,2.0534e+06,0
deserialize,3387,0
mult,2.04957e+06,0
deserialize,3426,0
mult,2.06411e+06,0
deserialize,3394,0
mult,2.04355e+06,0
deserialize,3220,0
mult,2.05572e+06,0
deserialize,3360,0
mult,2.04736e+06,0
deserialize,3706,0
mult,2.05216e+06,0
deserialize,3460,0
mult,2.04813e+06,0
deserialize,3411,0
mult,2.04781e+06,0
deserialize,3326,0
mult,2.04544e+06,0
deserialize,3733,0
mult,2.04656e+06,0
deserialize,3465,0
mult,2.06144e+06,0
deserialize,3497,0
mult,2.05764e+06,0
deserialize,3379,0
mult,2.04593e+06,0
deserialize,3437,0
mult,9.86789e+06,0
deserialize,3886,0
mult,7.33249e+07,0
deserialize,6481,0
mult,5.92033e+07,0
deserialize,3712,0
mult,6.12383e+07,0
deserialize,21549,0
mult,2.54844e+07,0
deserialize,8233,0
mult,4.40189e+06,0
deserialize,4150,0
mult,2.09538e+06,0
deserialize,3892,0
mult,2.05269e+06,0
deserialize,3668,0
mult,2.0845e+06,0
deserialize,3492,0
mult,2.03772e+06,0
deserialize,3590,0
mult,2.06432e+06,0
deserialize,3578,0
mult,2.0502e+06,0
deserialize,3440,0
mult,2.07668e+06,0
deserialize,3561,0
mult,2.03729e+06,0
deserialize,3681,0
mult,2.06999e+06,0
deserialize,3667,0
mult,2.03719e+06,0
deserialize,3495,0
mult,2.06936e+06,0
deserialize,3536,0
mult,2.03857e+06,0
deserialize,3758,0
mult,2.06828e+06,0
deserialize,3563,0
mult,2.05037e+06,0
deserialize,3503,0
mult,2.06618e+06,0
deserialize,3286,0
mult,2.03636e+06,0
deserialize,3559,0
mult,2.07008e+06,0
deserialize,3318,0
mult,2.05932e+06,0
deserialize,3517,0
mult,2.06352e+06,0
deserialize,3622,0
mult,2.04271e+06,0
deserialize,3551,0
mult,2.06818e+06,0
deserialize,3676,0
mult,2.0488e+06,0
deserialize,3469,0
mult,2.06332e+06,0
deserialize,3440,0
mult,2.04467e+06,0
deserialize,3342,0
mult,2.06152e+06,0
deserialize,3516,0
mult,2.05446e+06,0
deserialize,3542,0
mult,2.06841e+06,0
deserialize,3613,0
mult,2.04496e+06,0
deserialize,3419,0
mult,2.06414e+06,0
deserialize,3585,0
mult,2.05982e+06,0
deserialize,3602,0
mult,2.06174e+06,0
deserialize,3690,0
mult,2.0435e+06,0
deserialize,3742,0
mult,2.06922e+06,0
deserialize,3521,0
mult,2.04866e+06,0
deserialize,3518,0
mult,2.06727e+06,0
deserialize,3434,0
mult,2.04232e+06,0
deserialize,3423,0
mult,2.0614e+06,0
gemm,2.69745e+09,0
wait_all,1.95221e+09,0
deserialize,6093,0
mult,2.1658e+06,0
deserialize,4643,0
mult,2.03833e+06,0
deserialize,3376,0
mult,2.04502e+06,0
deserialize,3274,0
mult,2.03487e+06,0
deserialize,3763,0
mult,2.04454e+06,0
deserialize,3340,0
mult,2.03437e+06,0
deserialize,3389,0
mult,2.04471e+06,0
deserialize,3651,0
mult,2.03596e+06,0
deserialize,3333,0
mult,2.04365e+06,0
deserialize,3578,0
mult,2.03534e+06,0
deserialize,3238,0
mult,2.04298e+06,0
deserialize,3435,0
mult,2.03574e+06,0
deserialize,3192,0
mult,2.04116e+06,0
deserialize,3672,0
mult,2.03628e+06,0
deserialize,3372,0
mult,2.04266e+06,0
deserialize,3163,0
mult,2.03688e+06,0
deserialize,3303,0
mult,2.04128e+06,0
deserialize,3228,0
mult,2.03614e+06,0
deserialize,3370,0
mult,2.0419e+06,0
deserialize,3386,0
mult,2.03494e+06,0
deserialize,3588,0
mult,2.04254e+06,0
deserialize,3407,0
mult,2.0371e+06,0
deserialize,3073,0
mult,2.0405e+06,0
deserialize,3314,0
mult,2.03646e+06,0
deserialize,3076,0
mult,2.04472e+06,0
deserialize,3368,0
mult,2.03635e+06,0
deserialize,3294,0
mult,2.04094e+06,0
deserialize,3420,0
mult,2.03582e+06,0
deserialize,3560,0
mult,2.04141e+06,0
deserialize,3467,0
mult,2.03724e+06,0
deserialize,3281,0
mult,2.04071e+06,0
deserialize,3397,0
mult,2.03553e+06,0
deserialize,3538,0
mult,2.04193e+06,0
deserialize,3756,0
mult,2.03752e+06,0
deserialize,3328,0
mult,2.04158e+06,0
deserialize,3546,0
mult,2.04089e+06,0
deserialize,3439,0
mult,2.03605e+06,0
deserialize,3537,0
mult,2.04221e+06,0
deserialize,3577,0
mult,2.03621e+06,0
deserialize,3386,0
mult,2.04155e+06,0
deserialize,3254,0
mult,2.036e+06,0
deserialize,3548,0
mult,2.04042e+06,0
deserialize,3384,0
mult,2.03721e+06,0
deserialize,3220,0
mult,2.04211e+06,0
deserialize,3502,0
mult,2.03601e+06,0
deserialize,3274,0
mult,2.04138e+06,0
deserialize,3470,0
mult,2.03573e+06,0
deserialize,3128,0
mult,2.0408e+06,0
deserialize,3396,0
mult,2.03632e+06,0
deserialize,3364,0
mult,2.04326e+06,0
deserialize,3367,0
mult,2.03585e+06,0
deserialize,3391,0
mult,2.04329e+06,0
deserialize,3344,0
mult,2.03562e+06,0
deserialize,3318,0
mult,2.04172e+06,0
deserialize,3456,0
mult,2.03474e+06,0
deserialize,3409,0
mult,2.04335e+06,0
deserialize,3366,0
mult,2.03659e+06,0
deserialize,3525,0
mult,2.04254e+06,0
deserialize,3628,0
mult,2.03582e+06,0
deserialize,3417,0
mult,2.04142e+06,0
deserialize,3342,0
mult,2.03704e+06,0
deserialize,3279,0
mult,2.04381e+06,0
deserialize,3183,0
mult,2.0356e+06,0
deserialize,3323,0
mult,2.04528e+06,0
deserialize,3640,0
mult,2.03752e+06,0
deserialize,3282,0
mult,2.04318e+06,0
deserialize,3244,0
mult,2.0358e+06,0
deserialize,3197,0
mult,2.04169e+06,0
deserialize,3323,0
mult,2.03447e+06,0
deserialize,3379,0
mult,2.04466e+06,0
deserialize,3275,0
mult,2.03467e+06,0
deserialize,3119,0
mult,2.043e+06,0
deserialize,3777,0
mult,2.03508e+06,0
deserialize,3384,0
mult,2.04502e+06,0
deserialize,3406,0
mult,2.03619e+06,0
deserialize,3457,0
mult,2.04213e+06,0
deserialize,3636,0
mult,2.03476e+06,0
deserialize,3310,0
mult,2.04116e+06,0
deserialize,3531,0
mult,2.03552e+06,0
deserialize,3517,0
mult,2.04044e+06,0
deserialize,3544,0
mult,2.03463e+06,0
deserialize,8264,0
mult,2.03505e+06,0
deserialize,3790,0
mult,2.0427e+06,0
deserialize,3473,0
mult,2.03767e+06,0
deserialize,3627,0
mult,2.04136e+06,0
deserialize,3407,0
mult,2.03601e+06,0
deserialize,3538,0
mult,2.04231e+06,0
deserialize,3451,0
mult,2.03613e+06,0
deserialize,3290,0
mult,2.04157e+06,0
deserialize,3502,0
mult,2.03446e+06,0
deserialize,3420,0
mult,2.04136e+06,0
deserialize,3430,0
mult,2.03692e+06,0
deserialize,3274,0
mult,2.04274e+06,0
deserialize,3328,0
mult,2.03592e+06,0
deserialize,3555,0
mult,2.04227e+06,0
deserialize,3400,0
mult,2.03652e+06,0
deserialize,3593,0
mult,2.04284e+06,0
deserialize,3399,0
mult,2.03568e+06,0
deserialize,3257,0
mult,2.04126e+06,0
deserialize,3357,0
mult,2.03484e+06,0
deserialize,3362,0
mult,2.04171e+06,0
deserialize,3453,0
mult,2.03678e+06,0
deserialize,3126,0
mult,2.04109e+06,0
deserialize,3416,0
mult,2.03613e+06,0
deserialize,3099,0
mult,2.04093e+06,0
deserialize,3697,0
mult,2.03706e+06,0
deserialize,3501,0
mult,2.04219e+06,0
deserialize,3666,0
mult,2.03555e+06,0
deserialize,3572,0
mult,2.04104e+06,0
deserialize,3610,0
mult,2.03705e+06,0
deserialize,3239,0
mult,2.04297e+06,0
deserialize,3237,0
mult,2.03504e+06,0
deserialize,3323,0
mult,2.04259e+06,0
deserialize,3261,0
mult,2.03599e+06,0
deserialize,3668,0
mult,2.04088e+06,0
deserialize,3373,0
mult,2.03448e+06,0
deserialize,3146,0
mult,2.04194e+06,0
deserialize,3260,0
mult,2.03644e+06,0
deserialize,3353,0
mult,2.0419e+06,0
deserialize,3353,0
mult,2.03715e+06,0
deserialize,3280,0
mult,2.03964e+06,0
deserialize,3347,0
mult,2.03498e+06,0
deserialize,3085,0
mult,2.04146e+06,0
deserialize,3563,0
mult,2.03514e+06,0
deserialize,3299,0
mult,2.0409e+06,0
deserialize,3242,0
mult,2.03632e+06,0
deserialize,3304,0
mult,2.0438e+06,0
deserialize,3317,0
mult,2.04215e+06,0
deserialize,3570,0
mult,2.03804e+06,0
deserialize,3297,0
mult,2.04371e+06,0
deserialize,3374,0
mult,2.03651e+06,0
deserialize,3550,0
mult,2.04159e+06,0
deserialize,3431,0
mult,2.03748e+06,0
deserialize,3383,0
mult,2.04088e+06,0
deserialize,3330,0
mult,2.03614e+06,0
deserialize,3197,0
mult,2.04179e+06,0
deserialize,3622,0
mult,2.03576e+06,0
deserialize,3259,0
mult,2.04219e+06,0
deserialize,3267,0
mult,2.03619e+06,0
deserialize,3303,0
mult,2.04211e+06,0
deserialize,3179,0
mult,2.03545e+06,0
deserialize,3698,0
mult,2.04484e+06,0
deserialize,3243,0
mult,2.03617e+06,0
deserialize,3387,0
mult,2.04018e+06,0
deserialize,3413,0
mult,2.03457e+06,0
deserialize,3436,0
mult,2.04183e+06,0
deserialize,3557,0
mult,2.03626e+06,0
deserialize,3297,0
mult,2.0413e+06,0
deserialize,3525,0
mult,2.03582e+06,0
deserialize,3341,0
mult,2.04089e+06,0
deserialize,3358,0
mult,2.03536e+06,0
deserialize,3316,0
mult,2.04167e+06,0
deserialize,3562,0
mult,2.03549e+06,0
deserialize,3294,0
mult,2.04181e+06,0
deserialize,3467,0
mult,2.03572e+06,0
deserialize,3267,0
mult,2.04243e+06,0
deserialize,3259,0
mult,2.03388e+06,0
deserialize,3604,0
mult,2.03979e+06,0
deserialize,3306,0
mult,2.03568e+06,0
deserialize,3382,0
mult,2.04289e+06,0
deserialize,3593,0
mult,2.03533e+06,0
deserialize,3420,0
mult,2.04407e+06,0
deserialize,3364,0
mult,2.03604e+06,0
deserialize,3144,0
mult,2.04608e+06,0
deserialize,3390,0
mult,2.03681e+06,0
deserialize,3543,0
mult,2.04003e+06,0
deserialize,3481,0
mult,2.03628e+06,0
deserialize,3549,0
mult,2.04089e+06,0
deserialize,3509,0
mult,2.03653e+06,0
deserialize,3706,0
mult,2.04334e+06,0
deserialize,3306,0
mult,2.03625e+06,0
deserialize,3425,0
mult,2.04105e+06,0
deserialize,3298,0
mult,2.04309e+06,0
deserialize,3499,0
mult,2.03787e+06,0
deserialize,3576,0
mult,2.04196e+06,0
deserialize,3641,0
mult,2.03637e+06,0
deserialize,3277,0
mult,2.04251e+06,0
deserialize,3430,0
mult,2.03567e+06,0
deserialize,3196,0
mult,2.04109e+06,0
deserialize,3256,0
mult,2.03667e+06,0
deserialize,3643,0
mult,2.04093e+06,0
deserialize,3198,0
mult,2.03561e+06,0
deserialize,3343,0
mult,2.04183e+06,0
deserialize,3384,0
mult,2.03572e+06,0
deserialize,3366,0
mult,2.03997e+06,0
deserialize,3567,0
mult,2.03664e+06,0
deserialize,3337,0
mult,2.04184e+06,0
deserialize,3277,0
mult,2.03459e+06,0
deserialize,3184,0
mult,2.04578e+06,0
deserialize,3375,0
mult,2.035e+06,0
deserialize,3358,0
mult,2.04149e+06,0
deserialize,3449,0
mult,2.03699e+06,0
deserialize,3363,0
mult,2.04145e+06,0
deserialize,3507,0
mult,2.03631e+06,0
deserialize,3124,0
mult,2.04072e+06,0
deserialize,3451,0
mult,2.0375e+06,0
deserialize,3529,0
mult,2.04171e+06,0
deserialize,3344,0
mult,2.03611e+06,0
deserialize,3409,0
mult,2.04149e+06,0
deserialize,3412,0
mult,2.03696e+06,0
deserialize,3540,0
mult,2.04214e+06,0
deserialize,3430,0
mult,2.03568e+06,0
deserialize,3354,0
mult,2.04172e+06,0
deserialize,3400,0
mult,2.03539e+06,0
deserialize,3305,0
mult,2.04344e+06,0
deserialize,3393,0
mult,2.03695e+06,0
deserialize,3391,0
mult,2.04319e+06,0
deserialize,3368,0
mult,2.03776e+06,0
deserialize,3647,0
mult,2.04206e+06,0
deserialize,3411,0
mult,2.0363e+06,0
deserialize,3401,0
mult,2.04139e+06,0
deserialize,3426,0
mult,2.03701e+06,0
deserialize,3888,0
mult,2.04317e+06,0
deserialize,3407,0
mult,9.84845e+06,0
deserialize,3724,0
mult,7.3362e+07,0
deserialize,6246,0
mult,5.91531e+07,0
deserialize,4126,0
mult,6.1589e+07,0
deserialize,22824,0
mult,2.53563e+07,0
deserialize,7646,0
mult,4.47908e+06,0
deserialize,4402,0
mult,2.05344e+06,0
deserialize,4492,0
mult,2.05598e+06,0
deserialize,4290,0
mult,2.05105e+06,0
deserialize,3564,0
mult,2.04025e+06,0
deserialize,3602,0
mult,2.04385e+06,0
deserialize,3775,0
mult,2.05305e+06,0
deserialize,3415,0
mult,2.03506e+06,0
deserialize,3469,0
mult,2.04671e+06,0
deserialize,3492,0
mult,2.03744e+06,0
deserialize,3664,0
mult,2.0557e+06,0
deserialize,3472,0
mult,2.03761e+06,0
deserialize,3613,0
mult,2.04637e+06,0
deserialize,3893,0
mult,2.03655e+06,0
deserialize,3495,0
mult,2.059e+06,0
deserialize,3502,0
mult,2.0355e+06,0
deserialize,3754,0
mult,2.04725e+06,0
deserialize,3457,0
mult,2.03626e+06,0
deserialize,3611,0
mult,2.05133e+06,0
deserialize,3423,0
mult,2.03747e+06,0
deserialize,3386,0
mult,2.04576e+06,0
deserialize,3735,0
mult,2.03743e+06,0
deserialize,3510,0
mult,2.05535e+06,0
deserialize,3843,0
mult,2.03553e+06,0
deserialize,3412,0
mult,2.04518e+06,0
deserialize,3464,0
mult,2.03654e+06,0
deserialize,3487,0
mult,2.05427e+06,0
deserialize,3493,0
mult,2.03527e+06,0
deserialize,3717,0
mult,2.04604e+06,0
deserialize,3591,0
mult,2.03514e+06,0
deserialize,3780,0
mult,2.05375e+06,0
deserialize,3598,0
mult,2.036e+06,0
deserialize,3440,0
mult,2.04366e+06,0
deserialize,3469,0
mult,2.03473e+06,0
deserialize,3774,0
mult,2.0544e+06,0
deserialize,3501,0
mult,2.03659e+06,0
deserialize,3428,0
mult,2.04525e+06,0
deserialize,3337,0
mult,2.03747e+06,0
gemm,2.71095e+09,0
wait_all,1.96507e+09,0
deserialize,6247,0
mult,2.13296e+06,0
deserialize,4440,0
mult,2.05192e+06,0
deserialize,3310,0
mult,2.03479e+06,0
deserialize,3300,0
mult,2.04356e+06,0
deserialize,3388,0
mult,2.03592e+06,0
deserialize,3533,0
mult,2.04251e+06,0
deserialize,3333,0
mult,2.03572e+06,0
deserialize,3301,0
mult,2.04361e+06,0
deserialize,3180,0
mult,2.03519e+06,0
deserialize,3418,0
mult,2.04282e+06,0
deserialize,3399,0
mult,2.03581e+06,0
deserialize,3255,0
mult,2.04267e+06,0
deserialize,3363,0
mult,2.0353e+06,0
deserialize,3508,0
mult,2.04333e+06,0
deserialize,3603,0
mult,2.03589e+06,0
deserialize,3302,0
mult,2.04386e+06,0
deserialize,3308,0
mult,2.03649e+06,0
deserialize,3255,0
mult,2.0435e+06,0
deserialize,3210,0
mult,2.0362e+06,0
deserialize,3571,0
mult,2.04312e+06,0
deserialize,3463,0
mult,2.03494e+06,0
deserialize,3394,0
mult,2.04365e+06,0
deserialize,3268,0
mult,2.03661e+06,0
deserialize,3201,0
mult,2.04315e+06,0
deserialize,3581,0
mult,2.03556e+06,0
deserialize,3222,0
mult,2.04339e+06,0
deserialize,3467,0
mult,2.03711e+06,0
deserialize,3246,0
mult,2.04127e+06,0
deserialize,3597,0
mult,2.03644e+06,0
deserialize,3417,0
mult,2.04296e+06,0
deserialize,3337,0
mult,2.03615e+06,0
deserialize,3321,0
mult,2.05495e+06,0
deserialize,3450,0
mult,2.03611e+06,0
deserialize,3241,0
mult,2.0427e+06,0
deserialize,3233,0
mult,2.0359e+06,0
deserialize,3460,0
mult,2.04338e+06,0
deserialize,3671,0
mult,2.0344e+06,0
deserialize,3587,0
mult,2.04299e+06,0
deserialize,3327,0
mult,2.30595e+06,0
deserialize,3362,0
mult,2.03501e+06,0
deserialize,3259,0
mult,2.04074e+06,0
deserialize,3279,0
mult,2.03535e+06,0
deserialize,3368,0
mult,2.04332e+06,0
deserialize,3357,0
mult,2.03661e+06,0
deserialize,3330,0
mult,2.04162e+06,0
deserialize,3314,0
mult,2.03418e+06,0
deserialize,3112,0
mult,2.0584e+06,0
deserialize,3186,0
mult,2.03525e+06,0
deserialize,3238,0
mult,2.04261e+06,0
deserialize,3208,0
mult,2.03534e+06,0
deserialize,3305,0
mult,2.04316e+06,0
deserialize,3178,0
mult,2.03546e+06,0
deserialize,3477,0
mult,2.04058e+06,0
deserialize,3543,0
mult,2.03446e+06,0
deserialize,3272,0
mult,2.04191e+06,0
deserialize,3371,0
mult,2.03661e+06,0
deserialize,3383,0
mult,2.04029e+06,0
deserialize,3443,0
mult,2.03635e+06,0
deserialize,3368,0
mult,2.04315e+06,0
deserialize,3580,0
mult,2.03606e+06,0
deserialize,3334,0
mult,2.04243e+06,0
deserialize,3260,0
mult,2.03544e+06,0
deserialize,3203,0
mult,2.04704e+06,0
deserialize,3411,0
mult,2.0342e+06,0
deserialize,3410,0
mult,2.04177e+06,0
deserialize,3530,0
mult,2.03558e+06,0
deserialize,3274,0
mult,2.04139e+06,0
deserialize,3599,0
mult,2.03562e+06,0
deserialize,3238,0
mult,2.04126e+06,0
deserialize,3323,0
mult,2.03583e+06,0
deserialize,3171,0
mult,2.04312e+06,0
deserialize,3229,0
mult,2.03619e+06,0
deserialize,3145,0
mult,2.04037e+06,0
deserialize,3613,0
mult,2.03611e+06,0
deserialize,3207,0
mult,2.04253e+06,0
deserialize,3260,0
mult,2.03662e+06,0
deserialize,3354,0
mult,2.04048e+06,0
deserialize,3396,0
mult,2.03517e+06,0
deserialize,3311,0
mult,2.04042e+06,0
deserialize,3377,0
mult,2.03923e+06,0
deserialize,3551,0
mult,2.03592e+06,0
deserialize,3233,0
mult,2.0416e+06,0
deserialize,3410,0
mult,2.03495e+06,0
deserialize,3301,0
mult,2.04298e+06,0
deserialize,3285,0
mult,2.03557e+06,0
deserialize,3298,0
mult,2.04081e+06,0
deserialize,3607,0
mult,2.03538e+06,0
deserialize,3325,0
mult,2.04338e+06,0
deserialize,3224,0
mult,2.03341e+06,0
deserialize,3391,0
mult,2.04273e+06,0
deserialize,3299,0
mult,2.03521e+06,0
deserialize,3293,0
mult,2.04179e+06,0
deserialize,3413,0
mult,2.03564e+06,0
deserialize,3311,0
mult,2.0429e+06,0
deserialize,3255,0
mult,2.03735e+06,0
deserialize,3406,0
mult,2.04145e+06,0
deserialize,3340,0
mult,2.03715e+06,0
deserialize,3514,0
mult,2.04128e+06,0
deserialize,3270,0
mult,2.03528e+06,0
deserialize,3245,0
mult,2.04126e+06,0
deserialize,3371,0
mult,2.03599e+06,0
deserialize,3227,0
mult,2.04215e+06,0
deserialize,3587,0
mult,2.03739e+06,0
deserialize,3450,0
mult,2.04168e+06,0
deserialize,3362,0
mult,2.03676e+06,0
deserialize,3216,0
mult,2.04256e+06,0
deserialize,3238,0
mult,2.03469e+06,0
deserialize,3259,0
mult,2.0427e+06,0
deserialize,3406,0
mult,2.03482e+06,0
deserialize,3293,0
mult,2.04193e+06,0
deserialize,3596,0
mult,2.03623e+06,0
deserialize,3279,0
mult,2.04229e+06,0
deserialize,3281,0
mult,2.03595e+06,0
deserialize,3519,0
mult,2.04215e+06,0
deserialize,3532,0
mult,2.03508e+06,0
deserialize,3633,0
mult,2.04078e+06,0
deserialize,3359,0
mult,2.03807e+06,0
deserialize,3488,0
mult,2.04056e+06,0
deserialize,3535,0
mult,2.03753e+06,0
deserialize,3310,0
mult,2.04047e+06,0
deserialize,3517,0
mult,2.03537e+06,0
deserialize,3288,0
mult,2.04132e+06,0
deserialize,3380,0
mult,2.03555e+06,0
deserialize,3246,0
mult,2.04006e+06,0
deserialize,3586,0
mult,2.04339e+06,0
deserialize,3517,0
mult,2.03523e+06,0
deserialize,3582,0
mult,2.03929e+06,0
deserialize,3484,0
mult,2.03739e+06,0
deserialize,3143,0
mult,2.04274e+06,0
deserialize,3560,0
mult,2.03726e+06,0
deserialize,3358,0
mult,2.04201e+06,0
deserialize,3544,0
mult,2.03603e+06,0
deserialize,3143,0
mult,2.04077e+06,0
deserialize,3487,0
mult,2.03535e+06,0
deserialize,3307,0
mult,2.04346e+06,0
deserialize,3411,0
mult,2.03388e+06,0
deserialize,3269,0
mult,2.04179e+06,0
deserialize,3464,0
mult,2.03413e+06,0
deserialize,3311,0
mult,2.0423e+06,0
deserialize,3435,0
mult,2.03566e+06,0
deserialize,3300,0
mult,2.04078e+06,0
deserialize,3488,0
mult,2.03669e+06,0
deserialize,3307,0
mult,2.04377e+06,0
deserialize,3348,0
mult,2.03581e+06,0
deserialize,3587,0
mult,2.04218e+06,0
deserialize,3153,0
mult,2.03545e+06,0
deserialize,3335,0
mult,2.04143e+06,0
deserialize,3319,0
mult,2.03455e+06,0
deserialize,3307,0
mult,2.04286e+06,0
deserialize,3550,0
mult,2.03516e+06,0
deserialize,3519,0
mult,2.04156e+06,0
deserialize,3335,0
mult,2.03508e+06,0
deserialize,3379,0
mult,2.04212e+06,0
deserialize,3285,0
mult,2.03572e+06,0
deserialize,3485,0
mult,2.0414e+06,0
deserialize,3270,0
mult,2.03489e+06,0
deserialize,3350,0
mult,2.0427e+06,0
deserialize,3556,0
mult,2.03467e+06,0
deserialize,3223,0
mult,2.04138e+06,0
deserialize,3412,0
mult,2.03544e+06,0
deserialize,3518,0
mult,2.03967e+06,0
deserialize,3677,0
mult,2.03623e+06,0
deserialize,3293,0
mult,2.04136e+06,0
deserialize,3268,0
mult,2.03703e+06,0
deserialize,3390,0
mult,2.04095e+06,0
deserialize,3270,0
mult,2.03494e+06,0
deserialize,3123,0
mult,2.04058e+06,0
deserialize,3190,0
mult,2.03377e+06,0
deserialize,3259,0
mult,2.04052e+06,0
deserialize,3491,0
mult,2.0413e+06,0
deserialize,3237,0
mult,2.03717e+06,0
deserialize,3194,0
mult,2.04058e+06,0
deserialize,3200,0
mult,2.03619e+06,0
deserialize,3587,0
mult,2.04255e+06,0
deserialize,3655,0
mult,2.03686e+06,0
deserialize,3450,0
mult,2.04232e+06,0
deserialize,3648,0
mult,2.03542e+06,0
deserialize,3527,0
mult,2.04196e+06,0
deserialize,3250,0
mult,2.03416e+06,0
deserialize,3326,0
mult,2.04163e+06,0
deserialize,3503,0
mult,2.03516e+06,0
deserialize,3178,0
mult,2.04006e+06,0
deserialize,3386,0
mult,2.03475e+06,0
deserialize,3289,0
mult,2.04096e+06,0
deserialize,3365,0
mult,2.03591e+06,0
deserialize,3274,0
mult,2.04326e+06,0
deserialize,3442,0
mult,2.03501e+06,0
deserialize,3583,0
mult,2.04641e+06,0
deserialize,3357,0
mult,2.03714e+06,0
deserialize,3295,0
mult,2.04117e+06,0
deserialize,3394,0
mult,2.03618e+06,0
deserialize,3642,0
mult,2.04027e+06,0
deserialize,3462,0
mult,2.03575e+06,0
deserialize,3236,0
mult,2.04209e+06,0
deserialize,3322,0
mult,2.03482e+06,0
deserialize,3259,0
mult,2.0408e+06,0
deserialize,3620,0
mult,2.03325e+06,0
deserialize,3402,0
mult,2.04152e+06,0
deserialize,3283,0
mult,2.03482e+06,0
deserialize,3143,0
mult,2.04263e+06,0
deserialize,3315,0
mult,2.03522e+06,0
deserialize,3433,0
mult,2.04213e+06,0
deserialize,3369,0
mult,2.03517e+06,0
deserialize,3531,0
mult,2.04051e+06,0
deserialize,3288,0
mult,2.03753e+06,0
deserialize,3515,0
mult,2.04278e+06,0
deserialize,3489,0
mult,2.03833e+06,0
deserialize,3384,0
mult,2.04306e+06,0
deserialize,3509,0
mult,2.03586e+06,0
deserialize,3200,0
mult,2.04216e+06,0
deserialize,3664,0
mult,2.03574e+06,0
deserialize,3582,0
mult,2.04318e+06,0
deserialize,3660,0
mult,2.03666e+06,0
deserialize,3318,0
mult,9.86342e+06,0
deserialize,3716,0
mult,7.34493e+07,0
deserialize,6648,0
mult,5.92419e+07,0
deserialize,6387,0
mult,6.20719e+07,0
deserialize,23373,0
mult,2.52123e+07,0
deserialize,7796,0
mult,4.51179e+06,0
deserialize,4523,0
mult,2.04633e+06,0
deserialize,4553,0
mult,2.04294e+06,0
deserialize,4242,0
mult,2.04667e+06,0
deserialize,4442,0
mult,2.03943e+06,0
deserialize,4324,0
mult,2.04823e+06,0
deserialize,4081,0
mult,2.04205e+06,0
deserialize,3451,0
mult,2.04165e+06,0
deserialize,3670,0
mult,2.03658e+06,0
deserialize,3380,0
mult,2.0432e+06,0
deserialize,3809,0
mult,2.03562e+06,0
deserialize,3500,0
mult,2.04244e+06,0
deserialize,3506,0
mult,2.03708e+06,0
deserialize,3700,0
mult,2.04068e+06,0
deserialize,3803,0
mult,2.03577e+06,0
deserialize,3522,0
mult,2.04096e+06,0
deserialize,3489,0
mult,2.03679e+06,0
deserialize,3351,0
mult,2.04252e+06,0
deserialize,3398,0
mult,2.03678e+06,0
deserialize,3491,0
mult,2.04244e+06,0
deserialize,3763,0
mult,2.03587e+06,0
deserialize,3372,0
mult,2.04126e+06,0
deserialize,3598,0
mult,2.03674e+06,0
deserialize,3576,0
mult,2.04192e+06,0
deserialize,3795,0
mult,2.03672e+06,0
deserialize,3386,0
mult,2.04177e+06,0
deserialize,3591,0
mult,2.0364e+06,0
deserialize,3684,0
mult,2.04055e+06,0
deserialize,3613,0
mult,2.03755e+06,0
deserialize,3264,0
mult,2.0417e+06,0
deserialize,3655,0
mult,2.03605e+06,0
deserialize,3475,0
mult,2.04011e+06,0
deserialize,3619,0
mult,2.03571e+06,0
deserialize,3368,0
mult,2.0417e+06,0
deserialize,3755,0
mult,2.03522e+06,0
deserialize,3452,0
mult,2.04102e+06,0
deserialize,3434,0
mult,2.03514e+06,0
deserialize,3592,0
mult,2.04026e+06,0
gemm,2.70621e+09,0
wait_all,1.95961e+09,0
deserialize,5718,0
mult,2.15989e+06,0
deserialize,4857,0
mult,2.06575e+06,0
deserialize,3434,0
mult,2.04043e+06,0
deserialize,3557,0
mult,2.04712e+06,0
deserialize,3626,0
mult,2.04607e+06,0
deserialize,3381,0
mult,2.04752e+06,0
deserialize,3554,0
mult,2.04963e+06,0
deserialize,3431,0
mult,2.03845e+06,0
deserialize,3214,0
mult,2.04463e+06,0
deserialize,3344,0
mult,2.04185e+06,0
deserialize,3516,0
mult,2.05401e+06,0
deserialize,3618,0
mult,2.03854e+06,0
deserialize,3456,0
mult,2.04407e+06,0
deserialize,3200,0
mult,2.04048e+06,0
deserialize,3278,0
mult,2.05268e+06,0
deserialize,3392,0
mult,2.04131e+06,0
deserialize,3373,0
mult,2.04397e+06,0
deserialize,3399,0
mult,2.03851e+06,0
deserialize,3158,0
mult,2.04636e+06,0
deserialize,3393,0
mult,2.04394e+06,0
deserialize,3556,0
mult,2.04607e+06,0
deserialize,3370,0
mult,2.03809e+06,0
deserialize,3286,0
mult,2.0444e+06,0
deserialize,3296,0
mult,2.04724e+06,0
deserialize,3153,0
mult,2.05e+06,0
deserialize,3442,0
mult,2.03828e+06,0
deserialize,3265,0
mult,2.04331e+06,0
deserialize,3437,0
mult,2.04043e+06,0
deserialize,3445,0
mult,2.05268e+06,0
deserialize,3454,0
mult,2.04056e+06,0
deserialize,3302,0
mult,2.04336e+06,0
deserialize,3342,0
mult,2.03885e+06,0
deserialize,3503,0
mult,2.05438e+06,0
deserialize,3345,0
mult,2.04148e+06,0
deserialize,3333,0
mult,2.045e+06,0
deserialize,3566,0
mult,2.03783e+06,0
deserialize,3200,0
mult,2.0475e+06,0
deserialize,3569,0
mult,2.04429e+06,0
deserialize,3463,0
mult,2.04942e+06,0
deserialize,3568,0
mult,2.03527e+06,0
deserialize,3338,0
mult,2.04519e+06,0
deserialize,3404,0
mult,2.04645e+06,0
deserialize,3513,0
mult,2.04797e+06,0
deserialize,3232,0
mult,2.03693e+06,0
deserialize,8896,0
mult,2.03875e+06,0
deserialize,3338,0
mult,2.04606e+06,0
deserialize,3358,0
mult,2.04726e+06,0
deserialize,3319,0
mult,2.04374e+06,0
deserialize,3348,0
mult,2.0363e+06,0
deserialize,3398,0
mult,2.0438e+06,0
deserialize,3309,0
mult,2.0511e+06,0
deserialize,3363,0
mult,2.04765e+06,0
deserialize,3374,0
mult,2.03787e+06,0
deserialize,3473,0
mult,2.04506e+06,0
deserialize,3344,0
mult,2.04292e+06,0
deserialize,3411,0
mult,2.05206e+06,0
deserialize,3288,0
mult,2.04022e+06,0
deserialize,3284,0
mult,2.04418e+06,0
deserialize,3801,0
mult,2.03862e+06,0
deserialize,3343,0
mult,2.05547e+06,0
deserialize,3166,0
mult,2.04195e+06,0
deserialize,3214,0
mult,2.044e+06,0
deserialize,3273,0
mult,2.03845e+06,0
deserialize,3565,0
mult,2.0492e+06,0
deserialize,3435,0
mult,2.04886e+06,0
deserialize,3345,0
mult,2.04529e+06,0
deserialize,3293,0
mult,2.03726e+06,0
deserialize,3365,0
mult,2.0464e+06,0
deserialize,3291,0
mult,2.04823e+06,0
deserialize,3341,0
mult,2.04966e+06,0
deserialize,3329,0
mult,2.03762e+06,0
deserialize,3560,0
mult,2.0452e+06,0
deserialize,3319,0
mult,2.04283e+06,0
deserialize,3540,0
mult,2.05438e+06,0
deserialize,3231,0
mult,2.04194e+06,0
deserialize,3282,0
mult,2.04492e+06,0
deserialize,3392,0
mult,2.03801e+06,0
deserialize,3331,0
mult,2.05529e+06,0
deserialize,3330,0
mult,2.04055e+06,0
deserialize,3414,0
mult,2.0421e+06,0
deserialize,3361,0
mult,2.03725e+06,0
deserialize,3370,0
mult,2.0446e+06,0
deserialize,3611,0
mult,2.05091e+06,0
deserialize,3409,0
mult,2.04604e+06,0
deserialize,3362,0
mult,2.04482e+06,0
deserialize,3661,0
mult,2.0401e+06,0
deserialize,3431,0
mult,2.05125e+06,0
deserialize,3447,0
mult,2.04188e+06,0
deserialize,3142,0
mult,2.04251e+06,0
deserialize,3525,0
mult,2.03785e+06,0
deserialize,3443,0
mult,2.04964e+06,0
deserialize,3602,0
mult,2.04526e+06,0
deserialize,3128,0
mult,2.04573e+06,0
deserialize,3365,0
mult,2.03818e+06,0
deserialize,3285,0
mult,2.05409e+06,0
deserialize,3411,0
mult,2.04701e+06,0
deserialize,3116,0
mult,2.04604e+06,0
deserialize,3323,0
mult,2.03693e+06,0
deserialize,3231,0
mult,2.04296e+06,0
deserialize,3577,0
mult,2.03918e+06,0
deserialize,3424,0
mult,2.0588e+06,0
deserialize,3313,0
mult,2.04187e+06,0
deserialize,3346,0
mult,2.04261e+06,0
deserialize,3514,0
mult,2.0387e+06,0
deserialize,3109,0
mult,2.05228e+06,0
deserialize,3451,0
mult,2.04177e+06,0
deserialize,3194,0
mult,2.04334e+06,0
deserialize,3211,0
mult,2.03768e+06,0
deserialize,3358,0
mult,2.04605e+06,0
deserialize,3466,0
mult,2.04417e+06,0
deserialize,3146,0
mult,2.06072e+06,0
deserialize,3343,0
mult,2.03833e+06,0
deserialize,3470,0
mult,2.04525e+06,0
deserialize,3622,0
mult,2.04975e+06,0
deserialize,3494,0
mult,2.04448e+06,0
deserialize,3272,0
mult,2.03663e+06,0
deserialize,3324,0
mult,2.04404e+06,0
deserialize,3477,0
mult,2.03848e+06,0
deserialize,3275,0
mult,2.05422e+06,0
deserialize,3787,0
mult,2.04093e+06,0
deserialize,3406,0
mult,2.04353e+06,0
deserialize,3417,0
mult,2.03758e+06,0
deserialize,3599,0
mult,2.05113e+06,0
deserialize,3688,0
mult,2.04238e+06,0
deserialize,3127,0
mult,2.04171e+06,0
deserialize,3677,0
mult,2.04507e+06,0
deserialize,3317,0
mult,2.04207e+06,0
deserialize,3270,0
mult,2.05127e+06,0
deserialize,3495,0
mult,2.03958e+06,0
deserialize,3466,0
mult,2.04231e+06,0
deserialize,3380,0
mult,2.03757e+06,0
deserialize,3580,0
mult,2.05511e+06,0
deserialize,3403,0
mult,2.03965e+06,0
deserialize,3343,0
mult,2.04265e+06,0
deserialize,3307,0
mult,2.03741e+06,0
deserialize,3557,0
mult,2.04558e+06,0
deserialize,3459,0
mult,2.04788e+06,0
deserialize,3353,0
mult,2.04542e+06,0
deserialize,3463,0
mult,2.03622e+06,0
deserialize,3387,0
mult,2.04366e+06,0
deserialize,3497,0
mult,2.04634e+06,0
deserialize,3715,0
mult,2.04795e+06,0
deserialize,3202,0
mult,2.03748e+06,0
deserialize,3883,0
mult,2.04145e+06,0
deserialize,3495,0
mult,2.03927e+06,0
deserialize,3292,0
mult,2.05032e+06,0
deserialize,3367,0
mult,2.03881e+06,0
deserialize,3407,0
mult,2.04192e+06,0
deserialize,3536,0
mult,2.03721e+06,0
deserialize,3314,0
mult,2.05682e+06,0
deserialize,3189,0
mult,2.04156e+06,0
deserialize,3607,0
mult,2.04082e+06,0
deserialize,3339,0
mult,2.03848e+06,0
deserialize,3451,0
mult,2.04489e+06,0
deserialize,3495,0
mult,2.04825e+06,0
deserialize,3150,0
mult,2.04533e+06,0
deserialize,3405,0
mult,2.03677e+06,0
deserialize,3465,0
mult,2.04334e+06,0
deserialize,3179,0
mult,2.04424e+06,0
deserialize,3349,0
mult,2.04707e+06,0
deserialize,3348,0
mult,2.03598e+06,0
deserialize,3626,0
mult,2.04296e+06,0
deserialize,3580,0
mult,2.0407e+06,0
deserialize,3547,0
mult,2.05068e+06,0
deserialize,3181,0
mult,2.0396e+06,0
deserialize,3360,0
mult,2.04195e+06,0
deserialize,3273,0
mult,2.04225e+06,0
deserialize,3700,0
mult,2.05173e+06,0
deserialize,3473,0
mult,2.04906e+06,0
deserialize,3447,0
mult,2.03767e+06,0
deserialize,3250,0
mult,2.0433e+06,0
deserialize,3449,0
mult,2.04045e+06,0
deserialize,3535,0
mult,2.05412e+06,0
deserialize,3480,0
mult,2.03957e+06,0
deserialize,3115,0
mult,2.04399e+06,0
deserialize,3556,0
mult,2.03916e+06,0
deserialize,3323,0
mult,2.04928e+06,0
deserialize,3439,0
mult,2.04205e+06,0
deserialize,3249,0
mult,2.04221e+06,0
deserialize,3293,0
mult,2.03777e+06,0
deserialize,3396,0
mult,2.04574e+06,0
deserialize,3279,0
mult,2.04404e+06,0
deserialize,3202,0
mult,2.04624e+06,0
deserialize,3479,0
mult,2.03668e+06,0
deserialize,3710,0
mult,2.04423e+06,0
deserialize,3382,0
mult,2.04924e+06,0
deserialize,3141,0
mult,2.04803e+06,0
deserialize,3701,0
mult,2.03701e+06,0
deserialize,3265,0
mult,2.04665e+06,0
deserialize,3248,0
mult,2.0416e+06,0
deserialize,3540,0
mult,2.05442e+06,0
deserialize,3700,0
mult,2.03888e+06,0
deserialize,3383,0
mult,2.04289e+06,0
deserialize,3336,0
mult,2.03819e+06,0
deserialize,3346,0
mult,2.0482e+06,0
deserialize,3407,0
mult,2.04062e+06,0
deserialize,3441,0
mult,2.04342e+06,0
deserialize,3403,0
mult,2.03829e+06,0
deserialize,3150,0
mult,2.04585e+06,0
deserialize,3601,0
mult,2.0478e+06,0
deserialize,3269,0
mult,2.0443e+06,0
deserialize,3433,0
mult,2.03756e+06,0
deserialize,3295,0
mult,2.04335e+06,0
deserialize,3676,0
mult,2.04517e+06,0
deserialize,3226,0
mult,2.04867e+06,0
deserialize,3473,0
mult,2.03875e+06,0
deserialize,3503,0
mult,2.04473e+06,0
deserialize,3789,0
mult,2.04904e+06,0
deserialize,3287,0
mult,2.04286e+06,0
deserialize,3553,0
mult,2.0473e+06,0
deserialize,3389,0
mult,2.03767e+06,0
deserialize,3386,0
mult,2.04614e+06,0
deserialize,3609,0
mult,2.05005e+06,0
deserialize,3506,0
mult,9.87205e+06,0
deserialize,3865,0
mult,7.32852e+07,0
deserialize,6194,0
mult,5.96337e+07,0
deserialize,5806,0
mult,6.11953e+07,0
deserialize,22774,0
mult,2.5637e+07,0
deserialize,8423,0
mult,4.51131e+06,0
deserialize,4700,0
mult,2.03565e+06,0
deserialize,3850,0
mult,2.05482e+06,0
deserialize,3562,0
mult,2.03663e+06,0
deserialize,3791,0
mult,2.04636e+06,0
deserialize,3684,0
mult,2.0359e+06,0
deserialize,3696,0
mult,2.05258e+06,0
deserialize,3477,0
mult,2.03388e+06,0
deserialize,3835,0
mult,2.04753e+06,0
deserialize,3700,0
mult,2.03466e+06,0
deserialize,3660,0
mult,2.05156e+06,0
deserialize,3737,0
mult,2.03502e+06,0
deserialize,3492,0
mult,2.04629e+06,0
deserialize,3852,0
mult,2.0363e+06,0
deserialize,3803,0
mult,2.05669e+06,0
deserialize,3498,0
mult,2.03415e+06,0
deserialize,3583,0
mult,2.04535e+06,0
deserialize,3547,0
mult,2.03666e+06,0
deserialize,3693,0
mult,2.05098e+06,0
deserialize,3675,0
mult,2.0356e+06,0
deserialize,3665,0
mult,2.04415e+06,0
deserialize,3810,0
mult,2.03605e+06,0
deserialize,3744,0
mult,2.05746e+06,0
deserialize,3494,0
mult,2.03673e+06,0
deserialize,3640,0
mult,2.0461e+06,0
deserialize,3480,0
mult,2.03629e+06,0
deserialize,3469,0
mult,2.05278e+06,0
deserialize,3588,0
mult,2.03473e+06,0
deserialize,3741,0
mult,2.04521e+06,0
deserialize,3463,0
mult,2.03366e+06,0
deserialize,3441,0
mult,2.04931e+06,0
deserialize,3432,0
mult,2.03464e+06,0
deserialize,3735,0
mult,2.0423e+06,0
deserialize,3534,0
mult,2.04356e+06,0
deserialize,3796,0
mult,2.04906e+06,0
deserialize,3680,0
mult,2.04279e+06,0
deserialize,3702,0
mult,2.03818e+06,0
deserialize,3203,0
mult,2.04088e+06,0
gemm,2.64221e+09,0
wait_all,1.89547e+09,0
deserialize,5874,0
mult,2.15987e+06,0
deserialize,4729,0
mult,2.03757e+06,0
deserialize,3639,0
mult,2.0493e+06,0
deserialize,3417,0
mult,2.03803e+06,0
deserialize,3460,0
mult,2.04639e+06,0
deserialize,3373,0
mult,2.03785e+06,0
deserialize,3341,0
mult,2.04507e+06,0
deserialize,3293,0
mult,2.03746e+06,0
deserialize,3323,0
mult,2.04348e+06,0
deserialize,3503,0
mult,2.03641e+06,0
deserialize,3316,0
mult,2.0451e+06,0
deserialize,3501,0
mult,2.03838e+06,0
deserialize,3411,0
mult,2.04419e+06,0
deserialize,3380,0
mult,2.03926e+06,0
deserialize,3426,0
mult,2.04408e+06,0
deserialize,3424,0
mult,2.0375e+06,0
deserialize,3457,0
mult,2.04489e+06,0
deserialize,3389,0
mult,2.03763e+06,0
deserialize,3530,0
mult,2.0438e+06,0
deserialize,3383,0
mult,2.03862e+06,0
deserialize,3411,0
mult,2.04293e+06,0
deserialize,3420,0
mult,2.03907e+06,0
deserialize,3307,0
mult,2.04363e+06,0
deserialize,3410,0
mult,2.03585e+06,0
deserialize,3387,0
mult,2.04556e+06,0
deserialize,3534,0
mult,2.03771e+06,0
deserialize,3326,0
mult,2.04445e+06,0
deserialize,3294,0
mult,2.03669e+06,0
deserialize,3570,0
mult,2.04307e+06,0
deserialize,3550,0
mult,2.04508e+06,0
deserialize,3610,0
mult,2.03727e+06,0
deserialize,3496,0
mult,2.04313e+06,0
deserialize,3419,0
mult,2.03751e+06,0
deserialize,3400,0
mult,2.04585e+06,0
deserialize,3264,0
mult,2.03701e+06,0
deserialize,3380,0
mult,2.04573e+06,0
deserialize,3480,0
mult,2.0378e+06,0
deserialize,3575,0
mult,2.04299e+06,0
deserialize,3570,0
mult,2.03889e+06,0
deserialize,3550,0
mult,2.04261e+06,0
deserialize,3586,0
mult,2.03796e+06,0
deserialize,3435,0
mult,2.04399e+06,0
deserialize,3373,0
mult,2.0402e+06,0
deserialize,3548,0
mult,2.04224e+06,0
deserialize,3277,0
mult,2.03718e+06,0
deserialize,3273,0
mult,2.04496e+06,0
deserialize,3673,0
mult,2.04003e+06,0
deserialize,3372,0
mult,2.0453e+06,0
deserialize,3380,0
mult,2.03822e+06,0
deserialize,3552,0
mult,2.0453e+06,0
deserialize,3266,0
mult,2.03817e+06,0
deserialize,3378,0
mult,2.04844e+06,0
deserialize,3456,0
mult,2.03784e+06,0
deserialize,3400,0
mult,2.0435e+06,0
deserialize,3429,0
mult,2.0361e+06,0
deserialize,3296,0
mult,2.04354e+06,0
deserialize,3401,0
mult,2.03759e+06,0
deserialize,3301,0
mult,2.04266e+06,0
deserialize,3306,0
mult,2.03906e+06,0
deserialize,3179,0
mult,2.04338e+06,0
deserialize,3293,0
mult,2.0381e+06,0
deserialize,3303,0
mult,2.04873e+06,0
deserialize,3590,0
mult,2.03908e+06,0
deserialize,3165,0
mult,2.04385e+06,0
deserialize,3256,0
mult,2.03781e+06,0
deserialize,3453,0
mult,2.04412e+06,0
deserialize,3529,0
mult,2.03794e+06,0
deserialize,3317,0
mult,2.04484e+06,0
deserialize,3602,0
mult,2.03723e+06,0
deserialize,3540,0
mult,2.04474e+06,0
deserialize,3276,0
mult,2.03767e+06,0
deserialize,3540,0
mult,2.04293e+06,0
deserialize,3533,0
mult,2.0422e+06,0
deserialize,3487,0
mult,2.03813e+06,0
deserialize,3556,0
mult,2.04383e+06,0
deserialize,3264,0
mult,2.03763e+06,0
deserialize,3337,0
mult,2.0439e+06,0
deserialize,3383,0
mult,2.03828e+06,0
deserialize,3304,0
mult,2.04463e+06,0
deserialize,3487,0
mult,2.03816e+06,0
deserialize,3209,0
mult,2.04343e+06,0
deserialize,3440,0
mult,2.0373e+06,0
deserialize,3296,0
mult,2.04473e+06,0
deserialize,3228,0
mult,2.03752e+06,0
deserialize,3538,0
mult,2.04387e+06,0
deserialize,3423,0
mult,2.03982e+06,0
deserialize,3305,0
mult,2.04284e+06,0
deserialize,3427,0
mult,2.04034e+06,0
deserialize,3240,0
mult,2.043e+06,0
deserialize,3677,0
mult,2.03822e+06,0
deserialize,3373,0
mult,2.04292e+06,0
deserialize,3470,0
mult,2.03549e+06,0
deserialize,3206,0
mult,2.04511e+06,0
deserialize,3588,0
mult,2.03826e+06,0
deserialize,3168,0
mult,2.0431e+06,0
deserialize,3648,0
mult,2.03746e+06,0
deserialize,3131,0
mult,2.04485e+06,0
deserialize,3319,0
mult,2.03812e+06,0
deserialize,3153,0
mult,2.04265e+06,0
deserialize,3191,0
mult,2.03697e+06,0
deserialize,3535,0
mult,2.04324e+06,0
deserialize,3492,0
mult,2.0384e+06,0
deserialize,3234,0
mult,2.04204e+06,0
deserialize,3351,0
mult,2.03857e+06,0
deserialize,3286,0
mult,2.0443e+06,0
deserialize,3370,0
mult,2.03859e+06,0
deserialize,3333,0
mult,2.04364e+06,0
deserialize,3341,0
mult,2.03961e+06,0
deserialize,3418,0
mult,2.04378e+06,0
deserialize,3380,0
mult,2.03781e+06,0
deserialize,3470,0
mult,2.04425e+06,0
deserialize,3297,0
mult,2.03754e+06,0
deserialize,3251,0
mult,2.04451e+06,0
deserialize,3284,0
mult,2.03883e+06,0
deserialize,3283,0
mult,2.04202e+06,0
deserialize,3562,0
mult,2.04333e+06,0
deserialize,3407,0
mult,2.03959e+06,0
deserialize,3257,0
mult,2.04369e+06,0
deserialize,3402,0
mult,2.03883e+06,0
deserialize,3290,0
mult,2.0443e+06,0
deserialize,3087,0
mult,2.03848e+06,0
deserialize,3339,0
mult,2.0441e+06,0
deserialize,3331,0
mult,2.03646e+06,0
deserialize,3450,0
mult,2.04649e+06,0
deserialize,3390,0
mult,2.03695e+06,0
deserialize,3566,0
mult,2.04244e+06,0
deserialize,3522,0
mult,2.03796e+06,0
deserialize,3503,0
mult,2.0445e+06,0
deserialize,3388,0
mult,2.03907e+06,0
deserialize,3268,0
mult,2.04265e+06,0
deserialize,3409,0
mult,2.0366e+06,0
deserialize,3295,0
mult,2.04283e+06,0
deserialize,3612,0
mult,2.0387e+06,0
deserialize,3551,0
mult,2.0427e+06,0
deserialize,3652,0
mult,2.03877e+06,0
deserialize,3533,0
mult,2.04517e+06,0
deserialize,3726,0
mult,2.03802e+06,0
deserialize,3661,0
mult,2.04602e+06,0
deserialize,3707,0
mult,2.03774e+06,0
deserialize,3321,0
mult,2.04596e+06,0
deserialize,3100,0
mult,2.03936e+06,0
deserialize,3470,0
mult,2.04439e+06,0
deserialize,3458,0
mult,2.0378e+06,0
deserialize,3596,0
mult,2.04391e+06,0
deserialize,3347,0
mult,2.03655e+06,0
deserialize,3548,0
mult,2.04358e+06,0
deserialize,3429,0
mult,2.03808e+06,0
deserialize,3595,0
mult,2.04449e+06,0
deserialize,3688,0
mult,2.03785e+06,0
deserialize,3474,0
mult,2.04219e+06,0
deserialize,3518,0
mult,2.03888e+06,0
deserialize,3469,0
mult,2.04319e+06,0
deserialize,3741,0
mult,2.03785e+06,0
deserialize,3609,0
mult,2.04378e+06,0
deserialize,3517,0
mult,2.0372e+06,0
deserialize,3320,0
mult,2.04421e+06,0
deserialize,3494,0
mult,2.03777e+06,0
deserialize,3460,0
mult,2.04364e+06,0
deserialize,3436,0
mult,2.03739e+06,0
deserialize,8293,0
mult,2.03864e+06,0
deserialize,3522,0
mult,2.04194e+06,0
deserialize,3797,0
mult,2.0378e+06,0
deserialize,3559,0
mult,2.04522e+06,0
deserialize,3544,0
mult,2.03825e+06,0
deserialize,3473,0
mult,2.04433e+06,0
deserialize,3470,0
mult,2.03712e+06,0
deserialize,3270,0
mult,2.0453e+06,0
deserialize,3493,0
mult,2.03792e+06,0
deserialize,3599,0
mult,2.04521e+06,0
deserialize,3522,0
mult,2.03802e+06,0
deserialize,3565,0
mult,2.04534e+06,0
deserialize,3476,0
mult,2.03681e+06,0
deserialize,3605,0
mult,2.04489e+06,0
deserialize,3587,0
mult,2.03937e+06,0
deserialize,3581,0
mult,2.04419e+06,0
deserialize,3705,0
mult,2.03994e+06,0
deserialize,3577,0
mult,2.04392e+06,0
deserialize,3345,0
mult,2.03747e+06,0
deserialize,3753,0
mult,2.04288e+06,0
deserialize,3447,0
mult,2.03858e+06,0
deserialize,3602,0
mult,2.04326e+06,0
deserialize,3499,0
mult,2.03728e+06,0
deserialize,3357,0
mult,2.04262e+06,0
deserialize,3483,0
mult,2.03806e+06,0
deserialize,3489,0
mult,2.04426e+06,0
deserialize,3261,0
mult,2.03751e+06,0
deserialize,3420,0
mult,2.04768e+06,0
deserialize,3493,0
mult,2.03717e+06,0
deserialize,3317,0
mult,2.04465e+06,0
deserialize,3508,0
mult,2.03765e+06,0
deserialize,3514,0
mult,2.05472e+06,0
deserialize,3486,0
mult,2.03784e+06,0
deserialize,3410,0
mult,2.04371e+06,0
deserialize,3638,0
mult,2.03791e+06,0
deserialize,3665,0
mult,2.04313e+06,0
deserialize,3689,0
mult,2.0393e+06,0
deserialize,3463,0
mult,2.04068e+06,0
deserialize,3520,0
mult,2.03833e+06,0
deserialize,3350,0
mult,2.04258e+06,0
deserialize,3745,0
mult,2.03785e+06,0
deserialize,3686,0
mult,2.04453e+06,0
deserialize,3552,0
mult,2.03795e+06,0
deserialize,3328,0
mult,2.04243e+06,0
deserialize,3694,0
mult,2.04366e+06,0
deserialize,3466,0
mult,2.03994e+06,0
deserialize,3814,0
mult,2.04745e+06,0
deserialize,3521,0
mult,2.03787e+06,0
deserialize,3726,0
mult,2.04443e+06,0
deserialize,3697,0
mult,2.03702e+06,0
deserialize,3497,0
mult,2.04556e+06,0
deserialize,3347,0
mult,2.0381e+06,0
deserialize,3522,0
mult,2.04463e+06,0
deserialize,3773,0
mult,2.03906e+06,0
deserialize,3526,0
mult,9.88955e+06,0
deserialize,20740,0
mult,7.33238e+07,0
deserialize,6675,0
mult,5.94637e+07,0
deserialize,5797,0
mult,6.12346e+07,0
deserialize,22299,0
mult,2.59104e+07,0
deserialize,7697,0
mult,4.41028e+06,0
deserialize,4215,0
mult,2.09301e+06,0
deserialize,4747,0
mult,2.05679e+06,0
deserialize,4009,0
mult,2.07918e+06,0
deserialize,3891,0
mult,2.05057e+06,0
deserialize,3828,0
mult,2.05786e+06,0
deserialize,3550,0
mult,2.05878e+06,0
deserialize,3721,0
mult,2.06642e+06,0
deserialize,3740,0
mult,2.04924e+06,0
deserialize,3582,0
mult,2.0618e+06,0
deserialize,3873,0
mult,2.05563e+06,0
deserialize,3763,0
mult,2.062e+06,0
deserialize,3730,0
mult,2.0519e+06,0
deserialize,3775,0
mult,2.06106e+06,0
deserialize,3657,0
mult,2.05618e+06,0
deserialize,3614,0
mult,2.05952e+06,0
deserialize,3861,0
mult,2.04911e+06,0
deserialize,3700,0
mult,2.06425e+06,0
deserialize,3683,0
mult,2.05753e+06,0
deserialize,3663,0
mult,2.07032e+06,0
deserialize,3733,0
mult,2.04352e+06,0
deserialize,3614,0
mult,2.07519e+06,0
deserialize,3646,0
mult,2.04746e+06,0
deserialize,3666,0
mult,2.07057e+06,0
deserialize,3704,0
mult,2.04562e+06,0
deserialize,3756,0
mult,2.06798e+06,0
deserialize,3756,0
mult,2.05218e+06,0
deserialize,3461,0
mult,2.07359e+06,0
deserialize,3698,0
mult,2.04018e+06,0
deserialize,3561,0
mult,2.06941e+06,0
deserialize,3670,0
mult,2.04978e+06,0
deserialize,3911,0
mult,2.06878e+06,0
deserialize,3940,0
mult,2.0417e+06,0
deserialize,3805,0
mult,2.07401e+06,0
deserialize,3702,0
mult,2.0454e+06,0
deserialize,3487,0
mult,2.07291e+06,0
deserialize,3596,0
mult,2.04293e+06,0
deserialize,3300,0
mult,2.06666e+06,0
gemm,2.65811e+09,0
wait_all,1.90347e+09,0
deserialize,6355,0
mult,2.19299e+06,0
deserialize,3874,0
mult,2.07236e+06,0
deserialize,3754,0
mult,2.11808e+06,0
deserialize,3471,0
mult,2.07941e+06,0
deserialize,3751,0
mult,2.04544e+06,0
deserialize,3537,0
mult,2.05236e+06,0
deserialize,3496,0
mult,2.09188e+06,0
deserialize,3566,0
mult,2.0937e+06,0
deserialize,3595,0
mult,2.0525e+06,0
deserialize,3578,0
mult,2.05574e+06,0
deserialize,3551,0
mult,2.05787e+06,0
deserialize,3436,0
mult,2.12899e+06,0
deserialize,3473,0
mult,2.07189e+06,0
deserialize,3592,0
mult,2.05592e+06,0
deserialize,3374,0
mult,2.04762e+06,0
deserialize,3608,0
mult,2.0942e+06,0
deserialize,3469,0
mult,2.09084e+06,0
deserialize,3528,0
mult,2.0484e+06,0
deserialize,3577,0
mult,2.05395e+06,0
deserialize,3602,0
mult,2.05819e+06,0
deserialize,3717,0
mult,2.1269e+06,0
deserialize,3535,0
mult,2.07072e+06,0
deserialize,3493,0
mult,2.05189e+06,0
deserialize,3456,0
mult,2.04307e+06,0
deserialize,3364,0
mult,2.10186e+06,0
deserialize,3517,0
mult,2.09149e+06,0
deserialize,3277,0
mult,2.06268e+06,0
deserialize,3467,0
mult,2.05089e+06,0
deserialize,3691,0
mult,2.06681e+06,0
deserialize,3549,0
mult,2.12248e+06,0
deserialize,3520,0
mult,2.07752e+06,0
deserialize,3483,0
mult,2.04615e+06,0
deserialize,3620,0
mult,2.05527e+06,0
deserialize,3560,0
mult,2.08835e+06,0
deserialize,3330,0
mult,2.09677e+06,0
deserialize,3426,0
mult,2.04726e+06,0
deserialize,3571,0
mult,2.05609e+06,0
deserialize,3565,0
mult,2.05746e+06,0
deserialize,3268,0
mult,2.12816e+06,0
deserialize,3578,0
mult,2.07086e+06,0
deserialize,3197,0
mult,2.05334e+06,0
deserialize,3460,0
mult,2.04424e+06,0
deserialize,3457,0
mult,2.09728e+06,0
deserialize,3603,0
mult,2.09587e+06,0
deserialize,3618,0
mult,2.05243e+06,0
deserialize,3480,0
mult,2.05621e+06,0
deserialize,3570,0
mult,2.0628e+06,0
deserialize,3447,0
mult,2.12558e+06,0
deserialize,3540,0
mult,2.06891e+06,0
deserialize,3376,0
mult,2.05503e+06,0
deserialize,3510,0
mult,2.04898e+06,0
deserialize,3586,0
mult,2.09215e+06,0
deserialize,3393,0
mult,2.09041e+06,0
deserialize,3820,0
mult,2.05659e+06,0
deserialize,3748,0
mult,2.04746e+06,0
deserialize,3567,0
mult,2.06466e+06,0
deserialize,3661,0
mult,2.11685e+06,0
deserialize,3421,0
mult,2.07945e+06,0
deserialize,3801,0
mult,2.04805e+06,0
deserialize,3668,0
mult,2.05367e+06,0
deserialize,3480,0
mult,2.08761e+06,0
deserialize,3341,0
mult,2.09247e+06,0
deserialize,3467,0
mult,2.05004e+06,0
deserialize,3381,0
mult,2.05875e+06,0
deserialize,3656,0
mult,2.06187e+06,0
deserialize,3315,0
mult,2.128e+06,0
deserialize,3301,0
mult,2.0678e+06,0
deserialize,3433,0
mult,2.05368e+06,0
deserialize,3728,0
mult,2.05279e+06,0
deserialize,3481,0
mult,2.08786e+06,0
deserialize,3651,0
mult,2.09165e+06,0
deserialize,3410,0
mult,2.05223e+06,0
deserialize,3478,0
mult,2.05559e+06,0
deserialize,3780,0
mult,2.06028e+06,0
deserialize,3352,0
mult,2.12414e+06,0
deserialize,3405,0
mult,2.0728e+06,0
deserialize,3536,0
mult,2.05257e+06,0
deserialize,3418,0
mult,2.04822e+06,0
deserialize,3589,0
mult,2.09444e+06,0
deserialize,3379,0
mult,2.08781e+06,0
deserialize,3516,0
mult,2.05612e+06,0
deserialize,3493,0
mult,2.0505e+06,0
deserialize,3521,0
mult,2.06578e+06,0
deserialize,3673,0
mult,2.12152e+06,0
deserialize,3745,0
mult,2.07353e+06,0
deserialize,3571,0
mult,2.04668e+06,0
deserialize,3500,0
mult,2.05361e+06,0
deserialize,3569,0
mult,2.08652e+06,0
deserialize,3253,0
mult,2.09169e+06,0
deserialize,3820,0
mult,2.05355e+06,0
deserialize,3418,0
mult,2.05477e+06,0
deserialize,3510,0
mult,2.06124e+06,0
deserialize,3287,0
mult,2.12173e+06,0
deserialize,3457,0
mult,2.07794e+06,0
deserialize,3451,0
mult,2.05071e+06,0
deserialize,3592,0
mult,2.05358e+06,0
deserialize,3563,0
mult,2.08545e+06,0
deserialize,3456,0
mult,2.09336e+06,0
deserialize,3528,0
mult,2.04812e+06,0
deserialize,3348,0
mult,2.05597e+06,0
deserialize,3503,0
mult,2.06016e+06,0
deserialize,3623,0
mult,2.12847e+06,0
deserialize,3367,0
mult,2.06784e+06,0
deserialize,3845,0
mult,2.0581e+06,0
deserialize,3228,0
mult,2.04718e+06,0
deserialize,3267,0
mult,2.0905e+06,0
deserialize,3232,0
mult,2.08563e+06,0
deserialize,3360,0
mult,2.05885e+06,0
deserialize,3490,0
mult,2.04678e+06,0
deserialize,3406,0
mult,2.07e+06,0
deserialize,3444,0
mult,2.11683e+06,0
deserialize,3588,0
mult,2.07545e+06,0
deserialize,3453,0
mult,2.04709e+06,0
deserialize,3345,0
mult,2.05231e+06,0
deserialize,3769,0
mult,2.08428e+06,0
deserialize,3464,0
mult,2.09529e+06,0
deserialize,3475,0
mult,2.0504e+06,0
deserialize,3219,0
mult,2.05721e+06,0
deserialize,3420,0
mult,2.05904e+06,0
deserialize,3397,0
mult,2.13347e+06,0
deserialize,3462,0
mult,2.07571e+06,0
deserialize,3461,0
mult,2.0523e+06,0
deserialize,3296,0
mult,2.05331e+06,0
deserialize,3412,0
mult,2.08847e+06,0
deserialize,3610,0
mult,2.09141e+06,0
deserialize,3864,0
mult,2.05308e+06,0
deserialize,3667,0
mult,2.05382e+06,0
deserialize,3763,0
mult,2.06286e+06,0
deserialize,3435,0
mult,2.12526e+06,0
deserialize,3378,0
mult,2.07141e+06,0
deserialize,3491,0
mult,2.05429e+06,0
deserialize,3499,0
mult,2.0453e+06,0
deserialize,3543,0
mult,2.09218e+06,0
deserialize,3483,0
mult,2.08698e+06,0
deserialize,3389,0
mult,2.05611e+06,0
deserialize,3316,0
mult,2.05284e+06,0
deserialize,3481,0
mult,2.06276e+06,0
deserialize,3353,0
mult,2.12128e+06,0
deserialize,3189,0
mult,2.07491e+06,0
deserialize,3507,0
mult,2.04644e+06,0
deserialize,3380,0
mult,2.05314e+06,0
deserialize,3307,0
mult,2.09206e+06,0
deserialize,3406,0
mult,2.09403e+06,0
deserialize,3537,0
mult,2.05042e+06,0
deserialize,3336,0
mult,2.05435e+06,0
deserialize,3664,0
mult,2.06285e+06,0
deserialize,3193,0
mult,2.11985e+06,0
deserialize,3451,0
mult,2.07786e+06,0
deserialize,3538,0
mult,2.04888e+06,0
deserialize,3338,0
mult,2.05111e+06,0
deserialize,3319,0
mult,2.08705e+06,0
deserialize,3285,0
mult,2.09389e+06,0
deserialize,3824,0
mult,2.05182e+06,0
deserialize,3455,0
mult,2.05862e+06,0
deserialize,3532,0
mult,2.06129e+06,0
deserialize,3358,0
mult,2.12709e+06,0
deserialize,3643,0
mult,2.0697e+06,0
deserialize,3371,0
mult,2.05065e+06,0
deserialize,3488,0
mult,2.04655e+06,0
deserialize,3292,0
mult,2.09665e+06,0
deserialize,3507,0
mult,2.09006e+06,0
deserialize,3686,0
mult,2.05662e+06,0
deserialize,3527,0
mult,2.04743e+06,0
deserialize,3243,0
mult,2.06929e+06,0
deserialize,3239,0
mult,2.11687e+06,0
deserialize,3503,0
mult,2.07632e+06,0
deserialize,3300,0
mult,2.05071e+06,0
deserialize,3543,0
mult,2.05448e+06,0
deserialize,3447,0
mult,2.08686e+06,0
deserialize,3264,0
mult,2.09206e+06,0
deserialize,3613,0
mult,2.04991e+06,0
deserialize,3589,0
mult,2.05598e+06,0
deserialize,3395,0
mult,2.07063e+06,0
deserialize,3495,0
mult,2.11874e+06,0
deserialize,3317,0
mult,2.07739e+06,0
deserialize,3618,0
mult,2.04593e+06,0
deserialize,3386,0
mult,2.05227e+06,0
deserialize,3384,0
mult,2.08754e+06,0
deserialize,3597,0
mult,2.09484e+06,0
deserialize,3437,0
mult,2.05073e+06,0
deserialize,3687,0
mult,2.05102e+06,0
deserialize,3663,0
mult,2.05974e+06,0
deserialize,3452,0
mult,2.12452e+06,0
deserialize,3413,0
mult,2.06758e+06,0
deserialize,3463,0
mult,2.05605e+06,0
deserialize,3305,0
mult,2.04878e+06,0
deserialize,3113,0
mult,2.09717e+06,0
deserialize,3446,0
mult,2.08647e+06,0
deserialize,3295,0
mult,2.05332e+06,0
deserialize,3435,0
mult,2.05188e+06,0
deserialize,3272,0
mult,2.06995e+06,0
deserialize,3309,0
mult,2.11957e+06,0
deserialize,3193,0
mult,2.07659e+06,0
deserialize,3503,0
mult,2.04911e+06,0
deserialize,3317,0
mult,2.05238e+06,0
deserialize,3329,0
mult,2.08748e+06,0
deserialize,3225,0
mult,2.09207e+06,0
deserialize,3465,0
mult,2.05607e+06,0
deserialize,3324,0
mult,2.04684e+06,0
deserialize,3609,0
mult,2.06451e+06,0
deserialize,3580,0
mult,2.12102e+06,0
deserialize,3540,0
mult,2.0832e+06,0
deserialize,3714,0
mult,2.04958e+06,0
deserialize,3500,0
mult,2.05233e+06,0
deserialize,3376,0
mult,2.09531e+06,0
deserialize,3234,0
mult,2.09436e+06,0
deserialize,3347,0
mult,2.05204e+06,0
deserialize,3392,0
mult,2.05593e+06,0
deserialize,3348,0
mult,2.05665e+06,0
deserialize,3183,0
mult,2.12117e+06,0
deserialize,3596,0
mult,2.0723e+06,0
deserialize,3687,0
mult,2.05275e+06,0
deserialize,3322,0
mult,2.04593e+06,0
deserialize,3477,0
mult,9.93526e+06,0
deserialize,3812,0
mult,7.33563e+07,0
deserialize,6108,0
mult,5.94188e+07,0
deserialize,3415,0
mult,6.15685e+07,0
deserialize,21253,0
mult,2.53714e+07,0
deserialize,7773,0
mult,4.45935e+06,0
deserialize,4154,0
mult,2.11501e+06,0
deserialize,4506,0
mult,2.10923e+06,0
deserialize,3750,0
mult,2.09226e+06,0
deserialize,3627,0
mult,2.10044e+06,0
deserialize,3586,0
mult,2.09331e+06,0
deserialize,3547,0
mult,2.10281e+06,0
deserialize,3436,0
mult,2.09404e+06,0
deserialize,3514,0
mult,2.09336e+06,0
deserialize,3497,0
mult,2.10216e+06,0
deserialize,3840,0
mult,2.09549e+06,0
deserialize,3540,0
mult,2.09567e+06,0
deserialize,3482,0
mult,2.09441e+06,0
deserialize,3729,0
mult,2.10071e+06,0
deserialize,3542,0
mult,2.09184e+06,0
deserialize,3357,0
mult,2.09888e+06,0
deserialize,3689,0
mult,2.09832e+06,0
deserialize,3627,0
mult,2.10286e+06,0
deserialize,3662,0
mult,2.09632e+06,0
deserialize,3538,0
mult,2.09864e+06,0
deserialize,3424,0
mult,2.09372e+06,0
deserialize,3448,0
mult,2.09603e+06,0
deserialize,3495,0
mult,2.09591e+06,0
deserialize,3438,0
mult,2.10163e+06,0
deserialize,3572,0
mult,2.09479e+06,0
deserialize,3563,0
mult,2.09978e+06,0
deserialize,3558,0
mult,2.09806e+06,0
deserialize,3457,0
mult,2.08998e+06,0
deserialize,3638,0
mult,2.10267e+06,0
deserialize,3609,0
mult,2.09594e+06,0
deserialize,3434,0
mult,2.10275e+06,0
deserialize,3433,0
mult,2.09401e+06,0
deserialize,3532,0
mult,2.09841e+06,0
deserialize,3540,0
mult,2.09037e+06,0
deserialize,3737,0
mult,2.10241e+06,0
deserialize,3432,0
mult,2.09369e+06,0
deserialize,3378,0
mult,2.10462e+06,0
deserialize,3266,0
mult,2.09321e+06,0
gemm,2.70586e+09,0
wait_all,1.9594e+09,0
deserialize,6109,0
mult,2.14413e+06,0
deserialize,4840,0
mult,2.05336e+06,0
deserialize,3433,0
mult,2.0391e+06,0
deserialize,3623,0
mult,2.04977e+06,0
deserialize,3469,0
mult,2.03903e+06,0
deserialize,3349,0
mult,2.04821e+06,0
deserialize,3359,0
mult,2.03922e+06,0
deserialize,3377,0
mult,2.05004e+06,0
deserialize,3380,0
mult,2.04352e+06,0
deserialize,3364,0
mult,2.03852e+06,0
deserialize,3305,0
mult,2.04604e+06,0
deserialize,3368,0
mult,2.03908e+06,0
deserialize,3323,0
mult,2.04509e+06,0
deserialize,3444,0
mult,2.04006e+06,0
deserialize,3170,0
mult,2.04453e+06,0
deserialize,3383,0
mult,2.03855e+06,0
deserialize,3288,0
mult,2.04351e+06,0
deserialize,3375,0
mult,2.03911e+06,0
deserialize,3339,0
mult,2.04766e+06,0
deserialize,3399,0
mult,2.03933e+06,0
deserialize,3537,0
mult,2.0438e+06,0
deserialize,3434,0
mult,2.04094e+06,0
deserialize,3404,0
mult,2.04578e+06,0
deserialize,3235,0
mult,2.0374e+06,0
deserialize,3327,0
mult,2.04461e+06,0
deserialize,3523,0
mult,2.03957e+06,0
deserialize,3359,0
mult,2.04696e+06,0
deserialize,3283,0
mult,2.03881e+06,0
deserialize,3330,0
mult,2.04526e+06,0
deserialize,3851,0
mult,2.0383e+06,0
deserialize,3298,0
mult,2.04475e+06,0
deserialize,3307,0
mult,2.03902e+06,0
deserialize,3556,0
mult,2.04653e+06,0
deserialize,3545,0
mult,2.03874e+06,0
deserialize,3226,0
mult,2.04398e+06,0
deserialize,3385,0
mult,2.03831e+06,0
deserialize,3429,0
mult,2.0462e+06,0
deserialize,3612,0
mult,2.03916e+06,0
deserialize,3553,0
mult,2.04699e+06,0
deserialize,3390,0
mult,2.03892e+06,0
deserialize,3206,0
mult,2.04455e+06,0
deserialize,3346,0
mult,2.03774e+06,0
deserialize,3300,0
mult,2.0458e+06,0
deserialize,3357,0
mult,2.03908e+06,0
deserialize,3259,0
mult,2.0461e+06,0
deserialize,3296,0
mult,2.0389e+06,0
deserialize,3543,0
mult,2.04601e+06,0
deserialize,3346,0
mult,2.03914e+06,0
deserialize,3531,0
mult,2.04432e+06,0
deserialize,3455,0
mult,2.03808e+06,0
deserialize,3273,0
mult,2.04525e+06,0
deserialize,3627,0
mult,2.04523e+06,0
deserialize,3593,0
mult,2.03797e+06,0
deserialize,3425,0
mult,2.04477e+06,0
deserialize,3447,0
mult,2.03857e+06,0
deserialize,3533,0
mult,2.0454e+06,0
deserialize,3310,0
mult,2.03878e+06,0
deserialize,3284,0
mult,2.04493e+06,0
deserialize,3500,0
mult,2.0367e+06,0
deserialize,3221,0
mult,2.04374e+06,0
deserialize,3266,0
mult,2.03951e+06,0
deserialize,3202,0
mult,2.0454e+06,0
deserialize,3504,0
mult,2.04086e+06,0
deserialize,3255,0
mult,2.04722e+06,0
deserialize,3408,0
mult,2.03887e+06,0
deserialize,3445,0
mult,2.0443e+06,0
deserialize,3351,0
mult,2.03889e+06,0
deserialize,3366,0
mult,2.04479e+06,0
deserialize,3370,0
mult,2.03864e+06,0
deserialize,3634,0
mult,2.0448e+06,0
deserialize,3304,0
mult,2.03997e+06,0
deserialize,3613,0
mult,2.04372e+06,0
deserialize,3328,0
mult,2.03877e+06,0
deserialize,3429,0
mult,2.04506e+06,0
deserialize,3170,0
mult,2.03909e+06,0
deserialize,3396,0
mult,2.04514e+06,0
deserialize,3568,0
mult,2.03864e+06,0
deserialize,3390,0
mult,2.0446e+06,0
deserialize,3367,0
mult,2.03658e+06,0
deserialize,3373,0
mult,2.04272e+06,0
deserialize,3503,0
mult,2.04016e+06,0
deserialize,3303,0
mult,2.04347e+06,0
deserialize,3560,0
mult,2.04151e+06,0
deserialize,3530,0
mult,2.04366e+06,0
deserialize,3620,0
mult,2.04022e+06,0
deserialize,3466,0
mult,2.04365e+06,0
deserialize,3510,0
mult,2.0406e+06,0
deserialize,3272,0
mult,2.0442e+06,0
deserialize,3329,0
mult,2.03904e+06,0
deserialize,3470,0
mult,2.04371e+06,0
deserialize,3680,0
mult,2.03841e+06,0
deserialize,3400,0
mult,2.04366e+06,0
deserialize,3297,0
mult,2.03812e+06,0
deserialize,3403,0
mult,2.04459e+06,0
deserialize,3413,0
mult,2.04588e+06,0
deserialize,3552,0
mult,2.03784e+06,0
deserialize,3396,0
mult,2.04548e+06,0
deserialize,3633,0
mult,2.03885e+06,0
deserialize,3439,0
mult,2.04508e+06,0
deserialize,3476,0
mult,2.03816e+06,0
deserialize,3454,0
mult,2.04583e+06,0
deserialize,3360,0
mult,2.03882e+06,0
deserialize,3418,0
mult,2.04599e+06,0
deserialize,3768,0
mult,2.03965e+06,0
deserialize,3428,0
mult,2.04588e+06,0
deserialize,3753,0
mult,2.03977e+06,0
deserialize,3363,0
mult,2.04559e+06,0
deserialize,3423,0
mult,2.03876e+06,0
deserialize,3570,0
mult,2.04411e+06,0
deserialize,3665,0
mult,2.03919e+06,0
deserialize,3881,0
mult,2.04444e+06,0
deserialize,3475,0
mult,2.03923e+06,0
deserialize,3460,0
mult,2.04637e+06,0
deserialize,3447,0
mult,2.0384e+06,0
deserialize,3817,0
mult,2.04343e+06,0
deserialize,3573,0
mult,2.03895e+06,0
deserialize,3453,0
mult,2.04515e+06,0
deserialize,3275,0
mult,2.03821e+06,0
deserialize,3541,0
mult,2.04585e+06,0
deserialize,3260,0
mult,2.03816e+06,0
deserialize,3250,0
mult,2.04452e+06,0
deserialize,3731,0
mult,2.03868e+06,0
deserialize,3380,0
mult,2.04341e+06,0
deserialize,3744,0
mult,2.03668e+06,0
deserialize,3857,0
mult,2.04361e+06,0
deserialize,3636,0
mult,2.0373e+06,0
deserialize,3552,0
mult,2.0473e+06,0
deserialize,3663,0
mult,2.03916e+06,0
deserialize,3305,0
mult,2.04342e+06,0
deserialize,3430,0
mult,2.03916e+06,0
deserialize,3596,0
mult,2.04354e+06,0
deserialize,3796,0
mult,2.038e+06,0
deserialize,3600,0
mult,2.04416e+06,0
deserialize,3724,0
mult,2.03995e+06,0
deserialize,3344,0
mult,2.04372e+06,0
deserialize,3333,0
mult,2.03806e+06,0
deserialize,8740,0
mult,2.03785e+06,0
deserialize,3396,0
mult,2.04328e+06,0
deserialize,3394,0
mult,2.0393e+06,0
deserialize,3624,0
mult,2.0466e+06,0
deserialize,3570,0
mult,2.03812e+06,0
deserialize,3381,0
mult,2.04484e+06,0
deserialize,3309,0
mult,2.03826e+06,0
deserialize,3499,0
mult,2.0442e+06,0
deserialize,3555,0
mult,2.038e+06,0
deserialize,3553,0
mult,2.0447e+06,0
deserialize,3621,0
mult,2.03818e+06,0
deserialize,3519,0
mult,2.04367e+06,0
deserialize,3580,0
mult,2.03634e+06,0
deserialize,3556,0
mult,2.04464e+06,0
deserialize,3406,0
mult,2.03746e+06,0
deserialize,3273,0
mult,2.04554e+06,0
deserialize,3629,0
mult,2.03794e+06,0
deserialize,3357,0
mult,2.04403e+06,0
deserialize,3403,0
mult,2.03766e+06,0
deserialize,3313,0
mult,2.04324e+06,0
deserialize,3583,0
mult,2.03665e+06,0
deserialize,3490,0
mult,2.04466e+06,0
deserialize,3248,0
mult,2.03738e+06,0
deserialize,3313,0
mult,2.04444e+06,0
deserialize,3378,0
mult,2.03683e+06,0
deserialize,3659,0
mult,2.04526e+06,0
deserialize,3493,0
mult,2.03756e+06,0
deserialize,3284,0
mult,2.04563e+06,0
deserialize,3347,0
mult,2.03801e+06,0
deserialize,3293,0
mult,2.04462e+06,0
deserialize,3474,0
mult,2.03927e+06,0
deserialize,3330,0
mult,2.04245e+06,0
deserialize,3497,0
mult,2.03817e+06,0
deserialize,3543,0
mult,2.04599e+06,0
deserialize,3482,0
mult,2.03925e+06,0
deserialize,3229,0
mult,2.04553e+06,0
deserialize,3544,0
mult,2.03915e+06,0
deserialize,3410,0
mult,2.04575e+06,0
deserialize,3425,0
mult,2.03854e+06,0
deserialize,3330,0
mult,2.04576e+06,0
deserialize,3723,0
mult,2.03771e+06,0
deserialize,3373,0
mult,2.04542e+06,0
deserialize,3275,0
mult,2.03717e+06,0
deserialize,8625,0
mult,2.03939e+06,0
deserialize,3415,0
mult,2.04171e+06,0
deserialize,3405,0
mult,2.04043e+06,0
deserialize,3159,0
mult,2.04415e+06,0
deserialize,3407,0
mult,2.03918e+06,0
deserialize,3395,0
mult,2.0444e+06,0
deserialize,3349,0
mult,2.03877e+06,0
deserialize,3295,0
mult,2.04322e+06,0
deserialize,3371,0
mult,2.03908e+06,0
deserialize,3279,0
mult,2.04545e+06,0
deserialize,3349,0
mult,2.04071e+06,0
deserialize,3270,0
mult,2.04856e+06,0
deserialize,3363,0
mult,2.03894e+06,0
deserialize,3296,0
mult,2.04381e+06,0
deserialize,3301,0
mult,2.03853e+06,0
deserialize,3334,0
mult,2.04452e+06,0
deserialize,3488,0
mult,2.03913e+06,0
deserialize,3520,0
mult,2.04308e+06,0
deserialize,3557,0
mult,2.04017e+06,0
deserialize,3238,0
mult,2.04437e+06,0
deserialize,3259,0
mult,2.03873e+06,0
deserialize,3472,0
mult,2.04424e+06,0
deserialize,3444,0
mult,2.03897e+06,0
deserialize,3351,0
mult,2.04492e+06,0
deserialize,3440,0
mult,2.04039e+06,0
deserialize,3340,0
mult,2.04594e+06,0
deserialize,3459,0
mult,2.04223e+06,0
deserialize,3251,0
mult,2.04553e+06,0
deserialize,3393,0
mult,2.04127e+06,0
deserialize,3283,0
mult,2.04513e+06,0
deserialize,3400,0
mult,2.04136e+06,0
deserialize,3296,0
mult,2.04558e+06,0
deserialize,3814,0
mult,2.04154e+06,0
deserialize,3265,0
mult,2.04446e+06,0
deserialize,3325,0
mult,9.87241e+06,0
deserialize,22264,0
mult,7.32301e+07,0
deserialize,6971,0
mult,5.93649e+07,0
deserialize,3697,0
mult,6.13324e+07,0
deserialize,22661,0
mult,2.55723e+07,0
deserialize,8251,0
mult,4.44544e+06,0
deserialize,21418,0
mult,2.08058e+06,0
deserialize,3772,0
mult,2.04298e+06,0
deserialize,3458,0
mult,2.08302e+06,0
deserialize,3748,0
mult,2.05222e+06,0
deserialize,3599,0
mult,2.06372e+06,0
deserialize,3458,0
mult,2.04405e+06,0
deserialize,3465,0
mult,2.07341e+06,0
deserialize,3553,0
mult,2.05242e+06,0
deserialize,3483,0
mult,2.06305e+06,0
deserialize,3656,0
mult,2.04427e+06,0
deserialize,3561,0
mult,2.06302e+06,0
deserialize,3598,0
mult,2.05723e+06,0
deserialize,3730,0
mult,2.0601e+06,0
deserialize,3567,0
mult,2.04592e+06,0
deserialize,3574,0
mult,2.06023e+06,0
deserialize,3415,0
mult,2.05124e+06,0
deserialize,3490,0
mult,2.06587e+06,0
deserialize,3410,0
mult,2.05188e+06,0
deserialize,3640,0
mult,2.06353e+06,0
deserialize,3370,0
mult,2.05546e+06,0
deserialize,3532,0
mult,2.06886e+06,0
deserialize,3451,0
mult,2.04869e+06,0
deserialize,3478,0
mult,2.06431e+06,0
deserialize,3449,0
mult,2.05832e+06,0
deserialize,3522,0
mult,2.06251e+06,0
deserialize,3631,0
mult,2.04711e+06,0
deserialize,3513,0
mult,2.0693e+06,0
deserialize,3637,0
mult,2.05306e+06,0
deserialize,3433,0
mult,2.06323e+06,0
deserialize,3497,0
mult,2.04921e+06,0
deserialize,3496,0
mult,2.06039e+06,0
deserialize,3464,0
mult,2.05466e+06,0
deserialize,3542,0
mult,2.06956e+06,0
deserialize,3397,0
mult,2.05954e+06,0
deserialize,3524,0
mult,2.06723e+06,0
deserialize,3480,0
mult,2.05513e+06,0
deserialize,3317,0
mult,2.06086e+06,0
gemm,2.65769e+09,0
wait_all,1.90105e+09,0
deserialize,6674,0
mult,4.28647e+06,0
deserialize,3400,0
mult,3.73237e+06,0
deserialize,2204,0
mult,2.04916e+06,0
deserialize,2316,0
mult,2.05612e+06,0
deserialize,2182,0
mult,2.04589e+06,0
deserialize,2156,0
mult,2.03986e+06,0
deserialize,2050,0
mult,2.03406e+06,0
deserialize,2361,0
mult,2.05557e+06,0
deserialize,2142,0
mult,2.05825e+06,0
deserialize,2173,0
mult,2.0441e+06,0
deserialize,2185,0
mult,2.03345e+06,0
deserialize,2445,0
mult,2.0534e+06,0
deserialize,2283,0
mult,2.04757e+06,0
deserialize,2088,0
mult,2.05082e+06,0
deserialize,2094,0
mult,2.03807e+06,0
deserialize,2348,0
mult,2.04622e+06,0
deserialize,2270,0
mult,2.04803e+06,0
deserialize,2141,0
mult,2.055e+06,0
deserialize,2376,0
mult,2.04438e+06,0
deserialize,2582,0
mult,2.03676e+06,0
deserialize,2276,0
mult,2.05841e+06,0
deserialize,2781,0
mult,2.04921e+06,0
deserialize,1968,0
mult,2.04952e+06,0
deserialize,2720,0
mult,2.0351e+06,0
deserialize,2081,0
mult,2.04444e+06,0
deserialize,2490,0
mult,2.05205e+06,0
deserialize,2268,0
mult,2.06716e+06,0
deserialize,2571,0
mult,2.03712e+06,0
deserialize,2168,0
mult,2.03998e+06,0
deserialize,2473,0
mult,2.04644e+06,0
deserialize,2458,0
mult,2.0597e+06,0
deserialize,2397,0
mult,2.04649e+06,0
deserialize,2216,0
mult,2.04322e+06,0
deserialize,2311,0
mult,2.03979e+06,0
deserialize,2118,0
mult,2.0576e+06,0
deserialize,2512,0
mult,2.0525e+06,0
deserialize,2259,0
mult,2.04352e+06,0
deserialize,2505,0
mult,2.03504e+06,0
deserialize,2192,0
mult,2.05528e+06,0
deserialize,2337,0
mult,2.04702e+06,0
deserialize,1993,0
mult,2.05162e+06,0
deserialize,2239,0
mult,2.03833e+06,0
deserialize,2090,0
mult,2.04534e+06,0
deserialize,2296,0
mult,2.05186e+06,0
deserialize,2334,0
mult,2.06005e+06,0
deserialize,2150,0
mult,2.03791e+06,0
deserialize,2432,0
mult,2.04197e+06,0
deserialize,2167,0
mult,2.05194e+06,0
deserialize,2334,0
mult,2.05733e+06,0
deserialize,2204,0
mult,2.04676e+06,0
deserialize,2147,0
mult,2.04429e+06,0
deserialize,2161,0
mult,2.03862e+06,0
deserialize,2583,0
mult,2.06163e+06,0
deserialize,2398,0
mult,2.06153e+06,0
deserialize,2413,0
mult,2.04177e+06,0
deserialize,2475,0
mult,2.03403e+06,0
deserialize,2055,0
mult,2.04989e+06,0
deserialize,2276,0
mult,2.05293e+06,0
deserialize,2637,0
mult,2.04924e+06,0
deserialize,2251,0
mult,2.04829e+06,0
deserialize,2257,0
mult,2.03912e+06,0
deserialize,2357,0
mult,2.05889e+06,0
deserialize,2405,0
mult,2.04817e+06,0
deserialize,2197,0
mult,2.04444e+06,0
deserialize,2483,0
mult,2.03381e+06,0
deserialize,2261,0
mult,2.06108e+06,0
deserialize,2347,0
mult,2.04644e+06,0
deserialize,2390,0
mult,2.05086e+06,0
deserialize,2342,0
mult,2.035e+06,0
deserialize,2159,0
mult,2.04353e+06,0
deserialize,2280,0
mult,2.05413e+06,0
deserialize,2304,0
mult,2.06753e+06,0
deserialize,2359,0
mult,2.03495e+06,0
deserialize,2433,0
mult,2.04143e+06,0
deserialize,2185,0
mult,2.04448e+06,0
deserialize,2186,0
mult,2.05443e+06,0
deserialize,2400,0
mult,2.04715e+06,0
deserialize,2472,0
mult,2.04622e+06,0
deserialize,2235,0
mult,2.03611e+06,0
deserialize,2150,0
mult,2.05411e+06,0
deserialize,2133,0
mult,2.04815e+06,0
deserialize,2517,0
mult,2.04693e+06,0
deserialize,2453,0
mult,2.03622e+06,0
deserialize,2370,0
mult,2.05833e+06,0
deserialize,2390,0
mult,2.04468e+06,0
deserialize,2101,0
mult,2.04718e+06,0
deserialize,2232,0
mult,2.03624e+06,0
deserialize,2090,0
mult,2.04413e+06,0
deserialize,2132,0
mult,2.05007e+06,0
deserialize,2351,0
mult,2.06361e+06,0
deserialize,2090,0
mult,2.03601e+06,0
deserialize,2406,0
mult,2.04287e+06,0
deserialize,2035,0
mult,2.04605e+06,0
deserialize,2304,0
mult,2.05458e+06,0
deserialize,2182,0
mult,2.044e+06,0
deserialize,2666,0
mult,2.0446e+06,0
deserialize,2222,0
mult,2.03663e+06,0
deserialize,2136,0
mult,2.05474e+06,0
deserialize,2377,0
mult,2.05563e+06,0
deserialize,2567,0
mult,2.03923e+06,0
deserialize,2157,0
mult,2.03969e+06,0
deserialize,2527,0
mult,2.05008e+06,0
deserialize,2267,0
mult,2.05104e+06,0
deserialize,2314,0
mult,2.04162e+06,0
deserialize,2151,0
mult,2.04373e+06,0
deserialize,2466,0
mult,2.03561e+06,0
deserialize,2055,0
mult,2.05407e+06,0
deserialize,2526,0
mult,2.05773e+06,0
deserialize,2370,0
mult,2.04014e+06,0
deserialize,2856,0
mult,2.038e+06,0
deserialize,2161,0
mult,2.05554e+06,0
deserialize,2498,0
mult,2.0459e+06,0
deserialize,2502,0
mult,2.04847e+06,0
deserialize,2558,0
mult,2.03997e+06,0
deserialize,2192,0
mult,2.04371e+06,0
deserialize,2199,0
mult,2.05077e+06,0
deserialize,2483,0
mult,2.06214e+06,0
deserialize,2192,0
mult,2.03624e+06,0
deserialize,2173,0
mult,2.03833e+06,0
deserialize,2558,0
mult,2.05481e+06,0
deserialize,2310,0
mult,2.05328e+06,0
deserialize,2260,0
mult,2.04323e+06,0
deserialize,2293,0
mult,2.04581e+06,0
deserialize,2216,0
mult,2.0373e+06,0
deserialize,2215,0
mult,2.0559e+06,0
deserialize,2770,0
mult,2.06266e+06,0
deserialize,2204,0
mult,2.04475e+06,0
deserialize,2629,0
mult,2.03563e+06,0
deserialize,2453,0
mult,2.05477e+06,0
deserialize,2529,0
mult,2.04821e+06,0
deserialize,2249,0
mult,2.05239e+06,0
deserialize,2651,0
mult,2.03835e+06,0
deserialize,2178,0
mult,2.04302e+06,0
deserialize,2364,0
mult,2.052e+06,0
deserialize,2120,0
mult,2.05679e+06,0
deserialize,2270,0
mult,2.0374e+06,0
deserialize,2106,0
mult,2.03765e+06,0
deserialize,2150,0
mult,2.06254e+06,0
deserialize,2265,0
mult,2.04885e+06,0
deserialize,2323,0
mult,2.04762e+06,0
deserialize,2301,0
mult,2.03891e+06,0
deserialize,2105,0
mult,2.04322e+06,0
deserialize,2397,0
mult,2.05316e+06,0
deserialize,2268,0
mult,2.06803e+06,0
deserialize,2389,0
mult,2.03661e+06,0
deserialize,2229,0
mult,2.04061e+06,0
deserialize,2512,0
mult,2.04464e+06,0
deserialize,2210,0
mult,2.05376e+06,0
deserialize,2460,0
mult,2.04933e+06,0
deserialize,2139,0
mult,2.0441e+06,0
deserialize,2366,0
mult,2.03494e+06,0
deserialize,2566,0
mult,2.05487e+06,0
deserialize,2379,0
mult,2.0518e+06,0
deserialize,2132,0
mult,2.04317e+06,0
deserialize,2307,0
mult,2.03398e+06,0
deserialize,2304,0
mult,2.06263e+06,0
deserialize,2364,0
mult,2.04854e+06,0
deserialize,2500,0
mult,2.04511e+06,0
deserialize,2283,0
mult,2.03605e+06,0
deserialize,2164,0
mult,2.04448e+06,0
deserialize,2277,0
mult,2.0546e+06,0
deserialize,2180,0
mult,2.06432e+06,0
deserialize,2178,0
mult,2.03708e+06,0
deserialize,2260,0
mult,2.04074e+06,0
deserialize,2068,0
mult,2.04538e+06,0
deserialize,2325,0
mult,2.05388e+06,0
deserialize,2173,0
mult,2.04937e+06,0
deserialize,2423,0
mult,2.04458e+06,0
deserialize,2478,0
mult,2.0368e+06,0
deserialize,2027,0
mult,2.05628e+06,0
deserialize,2165,0
mult,2.05168e+06,0
deserialize,2175,0
mult,2.0416e+06,0
deserialize,2181,0
mult,2.03482e+06,0
deserialize,2161,0
mult,2.05844e+06,0
deserialize,2058,0
mult,2.04733e+06,0
deserialize,2330,0
mult,2.04575e+06,0
deserialize,2157,0
mult,2.04324e+06,0
deserialize,2696,0
mult,2.03922e+06,0
deserialize,2423,0
mult,2.05623e+06,0
deserialize,2461,0
mult,2.05751e+06,0
deserialize,2340,0
mult,2.04303e+06,0
deserialize,2446,0
mult,2.03727e+06,0
deserialize,2486,0
mult,2.05205e+06,0
deserialize,2531,0
mult,2.04512e+06,0
deserialize,2217,0
mult,2.05162e+06,0
deserialize,2570,0
mult,2.03978e+06,0
deserialize,2023,0
mult,2.04371e+06,0
deserialize,2374,0
mult,2.05569e+06,0
deserialize,2087,0
mult,2.05994e+06,0
deserialize,2508,0
mult,2.03601e+06,0
deserialize,2134,0
mult,2.03915e+06,0
deserialize,2367,0
mult,2.05147e+06,0
deserialize,2436,0
mult,2.05736e+06,0
deserialize,2118,0
mult,2.04444e+06,0
deserialize,2147,0
mult,2.04107e+06,0
deserialize,2544,0
mult,2.03357e+06,0
deserialize,2110,0
mult,2.05392e+06,0
deserialize,2539,0
mult,2.05207e+06,0
deserialize,2393,0
mult,2.04232e+06,0
deserialize,2182,0
mult,2.03902e+06,0
deserialize,2513,0
mult,2.05556e+06,0
deserialize,2174,0
mult,2.05132e+06,0
deserialize,2213,0
mult,2.05402e+06,0
deserialize,2449,0
mult,2.03775e+06,0
deserialize,2488,0
mult,2.04702e+06,0
deserialize,2744,0
mult,2.05651e+06,0
deserialize,2475,0
mult,2.06018e+06,0
deserialize,2367,0
mult,2.03915e+06,0
deserialize,2121,0
mult,2.04071e+06,0
deserialize,2279,0
mult,2.04843e+06,0
deserialize,2148,0
mult,2.05579e+06,0
deserialize,2254,0
mult,2.04129e+06,0
deserialize,2177,0
mult,2.04226e+06,0
deserialize,2207,0
mult,9.32448e+06,0
deserialize,19112,0
mult,7.3093e+07,0
deserialize,4892,0
mult,5.91216e+07,0
deserialize,3750,0
mult,6.54424e+07,0
deserialize,22370,0
mult,2.60998e+07,0
deserialize,4979,0
mult,4.39377e+06,0
deserialize,3251,0
mult,2.13135e+06,0
deserialize,2724,0
mult,2.12121e+06,0
deserialize,2516,0
mult,2.12493e+06,0
deserialize,2595,0
mult,2.12166e+06,0
deserialize,2988,0
mult,2.12704e+06,0
deserialize,2368,0
mult,2.12651e+06,0
deserialize,2521,0
mult,2.11335e+06,0
deserialize,2383,0
mult,2.12842e+06,0
deserialize,2477,0
mult,2.11912e+06,0
deserialize,2690,0
mult,2.12745e+06,0
deserialize,2634,0
mult,2.11368e+06,0
deserialize,2285,0
mult,2.125e+06,0
deserialize,2684,0
mult,2.1187e+06,0
deserialize,2522,0
mult,2.12831e+06,0
deserialize,2534,0
mult,2.11778e+06,0
deserialize,2366,0
mult,2.13275e+06,0
deserialize,2653,0
mult,2.12309e+06,0
deserialize,2228,0
mult,2.12992e+06,0
deserialize,2390,0
mult,2.12046e+06,0
deserialize,2290,0
mult,2.12494e+06,0
deserialize,2420,0
mult,2.12385e+06,0
deserialize,2650,0
mult,2.11825e+06,0
deserialize,2417,0
mult,2.12918e+06,0
deserialize,2459,0
mult,2.12423e+06,0
deserialize,2240,0
mult,2.13017e+06,0
deserialize,2566,0
mult,2.11728e+06,0
deserialize,2290,0
mult,2.12061e+06,0
deserialize,2453,0
mult,2.11871e+06,0
deserialize,2193,0
mult,2.1272e+06,0
deserialize,2238,0
mult,2.12281e+06,0
deserialize,2256,0
mult,2.12491e+06,0
deserialize,2187,0
mult,2.1168e+06,0
deserialize,2289,0
mult,2.11996e+06,0
deserialize,2884,0
mult,2.0734e+06,0
deserialize,2845,0
mult,2.01732e+06,0
deserialize,2764,0
mult,1.97668e+06,0
deserialize,2638,0
mult,2.01864e+06,0
gemm,2.65612e+09,0
wait_all,1.90895e+09,0
deserialize,6577,0
mult,2.15534e+06,0
deserialize,2523,0
mult,2.04646e+06,0
deserialize,2381,0
mult,2.03231e+06,0
deserialize,2364,0
mult,2.04259e+06,0
deserialize,2488,0
mult,2.03341e+06,0
deserialize,2227,0
mult,2.03793e+06,0
deserialize,2267,0
mult,2.02756e+06,0
deserialize,2443,0
mult,2.03822e+06,0
deserialize,2375,0
mult,2.0325e+06,0
deserialize,2550,0
mult,2.03643e+06,0
deserialize,2386,0
mult,2.03105e+06,0
deserialize,2372,0
mult,2.03696e+06,0
deserialize,2623,0
mult,2.03289e+06,0
deserialize,2222,0
mult,2.0408e+06,0
deserialize,2401,0
mult,2.03218e+06,0
deserialize,2186,0
mult,2.03827e+06,0
deserialize,2456,0
mult,2.03238e+06,0
deserialize,2089,0
mult,2.03756e+06,0
deserialize,2391,0
mult,2.03218e+06,0
deserialize,2338,0
mult,2.03629e+06,0
deserialize,2403,0
mult,2.03167e+06,0
deserialize,2253,0
mult,2.04013e+06,0
deserialize,2189,0
mult,2.03164e+06,0
deserialize,2128,0
mult,2.03881e+06,0
deserialize,2241,0
mult,2.02931e+06,0
deserialize,2240,0
mult,2.03831e+06,0
deserialize,2474,0
mult,2.03285e+06,0
deserialize,2224,0
mult,2.03786e+06,0
deserialize,2126,0
mult,2.03056e+06,0
deserialize,2123,0
mult,2.03589e+06,0
deserialize,2655,0
mult,2.03279e+06,0
deserialize,2006,0
mult,2.03734e+06,0
deserialize,2332,0
mult,2.02859e+06,0
deserialize,2119,0
mult,2.03795e+06,0
deserialize,2134,0
mult,2.03025e+06,0
deserialize,2504,0
mult,2.04194e+06,0
deserialize,2052,0
mult,2.03038e+06,0
deserialize,2257,0
mult,2.03678e+06,0
deserialize,2322,0
mult,2.03049e+06,0
deserialize,2416,0
mult,2.04099e+06,0
deserialize,2030,0
mult,2.03104e+06,0
deserialize,2384,0
mult,2.03801e+06,0
deserialize,2078,0
mult,2.02893e+06,0
deserialize,2434,0
mult,2.03801e+06,0
deserialize,2140,0
mult,2.03311e+06,0
deserialize,1987,0
mult,2.03764e+06,0
deserialize,2183,0
mult,2.0288e+06,0
deserialize,2157,0
mult,2.03825e+06,0
deserialize,2385,0
mult,2.03878e+06,0
deserialize,2526,0
mult,2.03149e+06,0
deserialize,2103,0
mult,2.03889e+06,0
deserialize,2358,0
mult,2.03124e+06,0
deserialize,2469,0
mult,2.03758e+06,0
deserialize,2480,0
mult,2.03268e+06,0
deserialize,2522,0
mult,2.0384e+06,0
deserialize,2500,0
mult,2.03135e+06,0
deserialize,2068,0
mult,2.03546e+06,0
deserialize,2474,0
mult,2.03201e+06,0
deserialize,2496,0
mult,2.03904e+06,0
deserialize,2595,0
mult,2.03021e+06,0
deserialize,2110,0
mult,2.03898e+06,0
deserialize,2404,0
mult,2.03163e+06,0
deserialize,2503,0
mult,2.0454e+06,0
deserialize,3025,0
mult,2.03284e+06,0
deserialize,2481,0
mult,2.04055e+06,0
deserialize,2274,0
mult,2.03191e+06,0
deserialize,2280,0
mult,2.03892e+06,0
deserialize,2467,0
mult,2.03112e+06,0
deserialize,2155,0
mult,2.03778e+06,0
deserialize,2374,0
mult,2.03119e+06,0
deserialize,2255,0
mult,2.03692e+06,0
deserialize,2302,0
mult,2.03375e+06,0
deserialize,2149,0
mult,2.03619e+06,0
deserialize,2298,0
mult,2.03115e+06,0
deserialize,2073,0
mult,2.03782e+06,0
deserialize,2645,0
mult,2.03224e+06,0
deserialize,2647,0
mult,2.03625e+06,0
deserialize,2399,0
mult,2.03134e+06,0
deserialize,2080,0
mult,2.04996e+06,0
deserialize,2095,0
mult,2.03163e+06,0
deserialize,2419,0
mult,2.03712e+06,0
deserialize,2194,0
mult,2.03103e+06,0
deserialize,2154,0
mult,2.036e+06,0
deserialize,2252,0
mult,2.0304e+06,0
deserialize,2205,0
mult,2.03948e+06,0
deserialize,2297,0
mult,2.03255e+06,0
deserialize,2019,0
mult,2.03763e+06,0
deserialize,2202,0
mult,2.03282e+06,0
deserialize,2168,0
mult,2.03695e+06,0
deserialize,2177,0
mult,2.03323e+06,0
deserialize,2226,0
mult,2.03709e+06,0
deserialize,2155,0
mult,2.02987e+06,0
deserialize,2383,0
mult,2.03767e+06,0
deserialize,2280,0
mult,2.03195e+06,0
deserialize,2038,0
mult,2.04021e+06,0
deserialize,2582,0
mult,2.03116e+06,0
deserialize,2230,0
mult,2.03506e+06,0
deserialize,2207,0
mult,2.03144e+06,0
deserialize,2328,0
mult,2.03737e+06,0
deserialize,2301,0
mult,2.03648e+06,0
deserialize,2644,0
mult,2.0309e+06,0
deserialize,2161,0
mult,2.03536e+06,0
deserialize,2357,0
mult,2.03249e+06,0
deserialize,2074,0
mult,2.03832e+06,0
deserialize,2726,0
mult,2.03005e+06,0
deserialize,2151,0
mult,2.03685e+06,0
deserialize,2303,0
mult,2.03073e+06,0
deserialize,2175,0
mult,2.03617e+06,0
deserialize,2364,0
mult,2.0304e+06,0
deserialize,2296,0
mult,2.03712e+06,0
deserialize,2281,0
mult,2.03178e+06,0
deserialize,2281,0
mult,2.03771e+06,0
deserialize,2348,0
mult,2.03305e+06,0
deserialize,2356,0
mult,2.03827e+06,0
deserialize,2563,0
mult,2.02879e+06,0
deserialize,2286,0
mult,2.04009e+06,0
deserialize,2720,0
mult,2.03371e+06,0
deserialize,2162,0
mult,2.03646e+06,0
deserialize,2577,0
mult,2.03015e+06,0
deserialize,2031,0
mult,2.03604e+06,0
deserialize,2372,0
mult,2.03378e+06,0
deserialize,2577,0
mult,2.03817e+06,0
deserialize,2456,0
mult,2.03307e+06,0
deserialize,2593,0
mult,2.03673e+06,0
deserialize,2219,0
mult,2.03221e+06,0
deserialize,2414,0
mult,2.03749e+06,0
deserialize,2109,0
mult,2.03069e+06,0
deserialize,1999,0
mult,2.03861e+06,0
deserialize,2088,0
mult,2.03151e+06,0
deserialize,2199,0
mult,2.0367e+06,0
deserialize,2187,0
mult,2.03102e+06,0
deserialize,2215,0
mult,2.03655e+06,0
deserialize,2137,0
mult,2.02905e+06,0
deserialize,2246,0
mult,2.0372e+06,0
deserialize,2341,0
mult,2.03119e+06,0
deserialize,2153,0
mult,2.03779e+06,0
deserialize,2094,0
mult,2.03226e+06,0
deserialize,2328,0
mult,2.03621e+06,0
deserialize,2323,0
mult,2.03247e+06,0
deserialize,2414,0
mult,2.03892e+06,0
deserialize,1997,0
mult,2.03105e+06,0
deserialize,2140,0
mult,2.03704e+06,0
deserialize,2315,0
mult,2.032e+06,0
deserialize,2131,0
mult,2.03924e+06,0
deserialize,2322,0
mult,2.03067e+06,0
deserialize,2105,0
mult,2.03446e+06,0
deserialize,2157,0
mult,2.03078e+06,0
deserialize,2548,0
mult,2.03705e+06,0
deserialize,2316,0
mult,2.0316e+06,0
deserialize,2327,0
mult,2.03587e+06,0
deserialize,2249,0
mult,2.02936e+06,0
deserialize,2241,0
mult,2.03691e+06,0
deserialize,2115,0
mult,2.0388e+06,0
deserialize,2357,0
mult,2.03127e+06,0
deserialize,2520,0
mult,2.0371e+06,0
deserialize,2380,0
mult,2.03279e+06,0
deserialize,2012,0
mult,2.03992e+06,0
deserialize,2290,0
mult,2.03074e+06,0
deserialize,2317,0
mult,2.03679e+06,0
deserialize,2368,0
mult,2.03063e+06,0
deserialize,2167,0
mult,2.03798e+06,0
deserialize,2327,0
mult,2.03269e+06,0
deserialize,2105,0
mult,2.0367e+06,0
deserialize,2295,0
mult,2.02948e+06,0
deserialize,2481,0
mult,2.03726e+06,0
deserialize,2241,0
mult,2.0317e+06,0
deserialize,2267,0
mult,2.03844e+06,0
deserialize,2499,0
mult,2.03155e+06,0
deserialize,2286,0
mult,2.0367e+06,0
deserialize,2290,0
mult,2.03359e+06,0
deserialize,2515,0
mult,2.03715e+06,0
deserialize,2213,0
mult,2.03075e+06,0
deserialize,2048,0
mult,2.03798e+06,0
deserialize,2307,0
mult,2.03305e+06,0
deserialize,2034,0
mult,2.03907e+06,0
deserialize,2137,0
mult,2.03096e+06,0
deserialize,2575,0
mult,2.03726e+06,0
deserialize,2440,0
mult,2.02895e+06,0
deserialize,2103,0
mult,2.03529e+06,0
deserialize,2143,0
mult,2.03265e+06,0
deserialize,2207,0
mult,2.0364e+06,0
deserialize,2149,0
mult,2.03086e+06,0
deserialize,2056,0
mult,2.03756e+06,0
deserialize,2130,0
mult,2.03257e+06,0
deserialize,2499,0
mult,2.03719e+06,0
deserialize,1990,0
mult,2.03151e+06,0
deserialize,2105,0
mult,2.03707e+06,0
deserialize,2092,0
mult,2.03146e+06,0
deserialize,2000,0
mult,2.03995e+06,0
deserialize,2157,0
mult,2.03046e+06,0
deserialize,2495,0
mult,2.03923e+06,0
deserialize,2204,0
mult,2.03164e+06,0
deserialize,2143,0
mult,2.03824e+06,0
deserialize,2329,0
mult,2.0316e+06,0
deserialize,2030,0
mult,2.0369e+06,0
deserialize,2315,0
mult,2.02973e+06,0
deserialize,2059,0
mult,2.03743e+06,0
deserialize,2184,0
mult,2.03222e+06,0
deserialize,2466,0
mult,2.03603e+06,0
deserialize,2016,0
mult,2.02919e+06,0
deserialize,2540,0
mult,2.03628e+06,0
deserialize,2335,0
mult,2.03515e+06,0
deserialize,2248,0
mult,2.03897e+06,0
deserialize,2081,0
mult,2.03074e+06,0
deserialize,2195,0
mult,2.0377e+06,0
deserialize,2235,0
mult,2.03892e+06,0
deserialize,2796,0
mult,2.03526e+06,0
deserialize,2231,0
mult,2.03808e+06,0
deserialize,2329,0
mult,2.03175e+06,0
deserialize,2342,0
mult,2.03638e+06,0
deserialize,2453,0
mult,2.03314e+06,0
deserialize,2232,0
mult,2.04037e+06,0
deserialize,2797,0
mult,2.0329e+06,0
deserialize,2431,0
mult,8.77319e+06,0
deserialize,19650,0
mult,7.33871e+07,0
deserialize,4363,0
mult,5.90042e+07,0
deserialize,4488,0
mult,6.55165e+07,0
deserialize,22468,0
mult,2.60225e+07,0
deserialize,5757,0
mult,4.48731e+06,0
deserialize,3252,0
mult,2.05243e+06,0
deserialize,2609,0
mult,2.03392e+06,0
deserialize,2576,0
mult,2.03964e+06,0
deserialize,2613,0
mult,2.03494e+06,0
deserialize,2656,0
mult,2.03932e+06,0
deserialize,2397,0
mult,2.03463e+06,0
deserialize,2473,0
mult,2.03881e+06,0
deserialize,2313,0
mult,2.03583e+06,0
deserialize,2158,0
mult,2.03925e+06,0
deserialize,2800,0
mult,2.03896e+06,0
deserialize,2834,0
mult,2.03316e+06,0
deserialize,2470,0
mult,2.04211e+06,0
deserialize,2919,0
mult,2.03399e+06,0
deserialize,2701,0
mult,2.04304e+06,0
deserialize,2683,0
mult,2.03149e+06,0
deserialize,2222,0
mult,2.04049e+06,0
deserialize,3042,0
mult,2.03441e+06,0
deserialize,2352,0
mult,2.04287e+06,0
deserialize,2430,0
mult,2.0332e+06,0
deserialize,2298,0
mult,2.04152e+06,0
deserialize,2744,0
mult,2.0337e+06,0
deserialize,2444,0
mult,2.0414e+06,0
deserialize,2721,0
mult,2.0325e+06,0
deserialize,2528,0
mult,2.04308e+06,0
deserialize,2503,0
mult,2.03533e+06,0
deserialize,2477,0
mult,2.04179e+06,0
deserialize,2486,0
mult,2.03037e+06,0
deserialize,2655,0
mult,2.04202e+06,0
deserialize,2687,0
mult,2.03261e+06,0
deserialize,2560,0
mult,2.03993e+06,0
deserialize,2409,0
mult,2.03233e+06,0
deserialize,2289,0
mult,2.0457e+06,0
deserialize,2569,0
mult,2.03104e+06,0
deserialize,2178,0
mult,2.04238e+06,0
deserialize,2347,0
mult,2.03268e+06,0
deserialize,2201,0
mult,2.04335e+06,0
deserialize,2271,0
mult,2.03347e+06,0
gemm,2.60377e+09,0
wait_all,1.85371e+09,0
deserialize,6883,0
mult,2.12978e+06,0
deserialize,3011,0
mult,2.0561e+06,0
deserialize,2328,0
mult,2.0533e+06,0
deserialize,2281,0
mult,2.05848e+06,0
deserialize,2390,0
mult,2.04682e+06,0
deserialize,2168,0
mult,2.04396e+06,0
deserialize,2338,0
mult,2.04612e+06,0
deserialize,2284,0
mult,2.05861e+06,0
deserialize,2106,0
mult,2.05918e+06,0
deserialize,2568,0
mult,2.04492e+06,0
deserialize,2236,0
mult,2.03611e+06,0
deserialize,2286,0
mult,2.05492e+06,0
deserialize,2450,0
mult,2.04842e+06,0
deserialize,2205,0
mult,2.05141e+06,0
deserialize,2460,0
mult,2.04007e+06,0
deserialize,2029,0
mult,2.05812e+06,0
deserialize,2307,0
mult,2.05389e+06,0
deserialize,2200,0
mult,2.05532e+06,0
deserialize,2197,0
mult,2.04006e+06,0
deserialize,2249,0
mult,2.04342e+06,0
deserialize,2387,0
mult,2.06634e+06,0
deserialize,2427,0
mult,2.05071e+06,0
deserialize,1994,0
mult,2.0512e+06,0
deserialize,2290,0
mult,2.03656e+06,0
deserialize,2013,0
mult,2.05785e+06,0
deserialize,2438,0
mult,2.05342e+06,0
deserialize,2197,0
mult,2.06939e+06,0
deserialize,2324,0
mult,2.03953e+06,0
deserialize,2314,0
mult,2.0434e+06,0
deserialize,2260,0
mult,2.04815e+06,0
deserialize,2140,0
mult,2.05781e+06,0
deserialize,2216,0
mult,2.04625e+06,0
deserialize,2094,0
mult,2.04642e+06,0
deserialize,2313,0
mult,2.04741e+06,0
deserialize,2029,0
mult,2.06344e+06,0
deserialize,2498,0
mult,2.05407e+06,0
deserialize,2063,0
mult,2.04432e+06,0
deserialize,2340,0
mult,2.03749e+06,0
deserialize,2079,0
mult,2.0607e+06,0
deserialize,2448,0
mult,2.0481e+06,0
deserialize,2217,0
mult,2.05458e+06,0
deserialize,2582,0
mult,2.03771e+06,0
deserialize,2287,0
mult,2.05983e+06,0
deserialize,2183,0
mult,2.05499e+06,0
deserialize,2269,0
mult,2.06143e+06,0
deserialize,2107,0
mult,2.03965e+06,0
deserialize,2067,0
mult,2.04592e+06,0
deserialize,2102,0
mult,2.05527e+06,0
deserialize,2355,0
mult,2.05873e+06,0
deserialize,2075,0
mult,2.04745e+06,0
deserialize,2119,0
mult,2.0441e+06,0
deserialize,2250,0
mult,2.04491e+06,0
deserialize,2220,0
mult,2.06598e+06,0
deserialize,2222,0
mult,2.05968e+06,0
deserialize,2100,0
mult,2.04386e+06,0
deserialize,2205,0
mult,2.0383e+06,0
deserialize,2346,0
mult,2.05376e+06,0
deserialize,2153,0
mult,2.05573e+06,0
deserialize,2316,0
mult,2.04866e+06,0
deserialize,2402,0
mult,2.05082e+06,0
deserialize,2264,0
mult,2.05142e+06,0
deserialize,2020,0
mult,2.0611e+06,0
deserialize,2447,0
mult,2.04769e+06,0
deserialize,2089,0
mult,2.04507e+06,0
deserialize,2582,0
mult,2.03808e+06,0
deserialize,2025,0
mult,2.06408e+06,0
deserialize,2333,0
mult,2.04958e+06,0
deserialize,2162,0
mult,2.05002e+06,0
deserialize,2368,0
mult,2.03745e+06,0
deserialize,2425,0
mult,2.05213e+06,0
deserialize,2246,0
mult,2.05902e+06,0
deserialize,2172,0
mult,2.06809e+06,0
deserialize,2417,0
mult,2.03804e+06,0
deserialize,2479,0
mult,2.04296e+06,0
deserialize,2144,0
mult,2.04794e+06,0
deserialize,2164,0
mult,2.05729e+06,0
deserialize,2304,0
mult,2.04748e+06,0
deserialize,2316,0
mult,2.04833e+06,0
deserialize,2220,0
mult,2.0471e+06,0
deserialize,2216,0
mult,2.05756e+06,0
deserialize,2083,0
mult,2.04743e+06,0
deserialize,2202,0
mult,2.04758e+06,0
deserialize,2490,0
mult,2.03873e+06,0
deserialize,2472,0
mult,2.06075e+06,0
deserialize,2500,0
mult,2.0463e+06,0
deserialize,2453,0
mult,2.04694e+06,0
deserialize,2210,0
mult,2.03821e+06,0
deserialize,2119,0
mult,2.0516e+06,0
deserialize,2583,0
mult,2.05657e+06,0
deserialize,2153,0
mult,2.06313e+06,0
deserialize,2210,0
mult,2.03802e+06,0
deserialize,2131,0
mult,2.04545e+06,0
deserialize,2368,0
mult,2.05098e+06,0
deserialize,2339,0
mult,2.05637e+06,0
deserialize,2176,0
mult,2.04412e+06,0
deserialize,2348,0
mult,2.04495e+06,0
deserialize,2353,0
mult,2.05194e+06,0
deserialize,2406,0
mult,2.05327e+06,0
deserialize,2315,0
mult,2.05641e+06,0
deserialize,2413,0
mult,2.04031e+06,0
deserialize,2100,0
mult,2.04145e+06,0
deserialize,2316,0
mult,2.05116e+06,0
deserialize,2311,0
mult,2.0519e+06,0
deserialize,2250,0
mult,2.04262e+06,0
deserialize,2333,0
mult,2.04586e+06,0
deserialize,2416,0
mult,2.04523e+06,0
deserialize,2140,0
mult,2.05687e+06,0
deserialize,2432,0
mult,2.05953e+06,0
deserialize,2320,0
mult,2.04276e+06,0
deserialize,2327,0
mult,2.04227e+06,0
deserialize,2412,0
mult,2.05913e+06,0
deserialize,2470,0
mult,2.04831e+06,0
deserialize,2311,0
mult,2.05029e+06,0
deserialize,2233,0
mult,2.03874e+06,0
deserialize,2448,0
mult,2.05238e+06,0
deserialize,2206,0
mult,2.05525e+06,0
deserialize,2251,0
mult,2.05898e+06,0
deserialize,2250,0
mult,2.03889e+06,0
deserialize,2215,0
mult,2.04113e+06,0
deserialize,2222,0
mult,2.0561e+06,0
deserialize,2003,0
mult,2.05485e+06,0
deserialize,2405,0
mult,2.04395e+06,0
deserialize,2320,0
mult,2.04591e+06,0
deserialize,2165,0
mult,2.04585e+06,0
deserialize,2280,0
mult,2.05934e+06,0
deserialize,2238,0
mult,2.06216e+06,0
deserialize,2205,0
mult,2.04533e+06,0
deserialize,2111,0
mult,2.04161e+06,0
deserialize,2149,0
mult,2.05763e+06,0
deserialize,2174,0
mult,2.04893e+06,0
deserialize,2177,0
mult,2.05186e+06,0
deserialize,2356,0
mult,2.0395e+06,0
deserialize,2231,0
mult,2.05023e+06,0
deserialize,2345,0
mult,2.06061e+06,0
deserialize,2480,0
mult,2.05019e+06,0
deserialize,2079,0
mult,2.04525e+06,0
deserialize,2569,0
mult,2.03815e+06,0
deserialize,2178,0
mult,2.06649e+06,0
deserialize,2526,0
mult,2.04947e+06,0
deserialize,2163,0
mult,2.04719e+06,0
deserialize,2349,0
mult,2.03785e+06,0
deserialize,2133,0
mult,2.05482e+06,0
deserialize,2478,0
mult,2.06011e+06,0
deserialize,2352,0
mult,2.06745e+06,0
deserialize,2406,0
mult,2.03919e+06,0
deserialize,2081,0
mult,2.0429e+06,0
deserialize,2323,0
mult,2.04961e+06,0
deserialize,2464,0
mult,2.05441e+06,0
deserialize,2497,0
mult,2.05323e+06,0
deserialize,2460,0
mult,2.04303e+06,0
deserialize,2275,0
mult,2.04435e+06,0
deserialize,2319,0
mult,2.05838e+06,0
deserialize,2167,0
mult,2.05255e+06,0
deserialize,2086,0
mult,2.0447e+06,0
deserialize,2547,0
mult,2.03671e+06,0
deserialize,2127,0
mult,2.06591e+06,0
deserialize,2218,0
mult,2.04812e+06,0
deserialize,2485,0
mult,2.04665e+06,0
deserialize,2051,0
mult,2.03782e+06,0
deserialize,2391,0
mult,2.05727e+06,0
deserialize,2325,0
mult,2.0637e+06,0
deserialize,2606,0
mult,2.06227e+06,0
deserialize,1990,0
mult,2.0387e+06,0
deserialize,2264,0
mult,2.04327e+06,0
deserialize,2136,0
mult,2.04897e+06,0
deserialize,2192,0
mult,2.05333e+06,0
deserialize,2323,0
mult,2.04988e+06,0
deserialize,2478,0
mult,2.04235e+06,0
deserialize,2298,0
mult,2.04456e+06,0
deserialize,2103,0
mult,2.05744e+06,0
deserialize,2021,0
mult,2.05689e+06,0
deserialize,2356,0
mult,2.03818e+06,0
deserialize,2456,0
mult,2.04435e+06,0
deserialize,2371,0
mult,2.05439e+06,0
deserialize,2325,0
mult,2.05302e+06,0
deserialize,2362,0
mult,2.04123e+06,0
deserialize,2100,0
mult,2.04312e+06,0
deserialize,2488,0
mult,2.05004e+06,0
deserialize,2077,0
mult,2.06522e+06,0
deserialize,2391,0
mult,2.05403e+06,0
deserialize,2417,0
mult,2.04232e+06,0
deserialize,2540,0
mult,2.03832e+06,0
deserialize,2144,0
mult,2.05914e+06,0
deserialize,2527,0
mult,2.04597e+06,0
deserialize,2532,0
mult,2.05058e+06,0
deserialize,2552,0
mult,2.0377e+06,0
deserialize,2210,0
mult,2.05463e+06,0
deserialize,2168,0
mult,2.05523e+06,0
deserialize,2310,0
mult,2.0588e+06,0
deserialize,2406,0
mult,2.03639e+06,0
deserialize,2044,0
mult,2.04112e+06,0
deserialize,2071,0
mult,2.05134e+06,0
deserialize,2450,0
mult,2.0581e+06,0
deserialize,2067,0
mult,2.04416e+06,0
deserialize,2059,0
mult,2.04342e+06,0
deserialize,2289,0
mult,2.04384e+06,0
deserialize,2255,0
mult,2.06144e+06,0
deserialize,2316,0
mult,2.05154e+06,0
deserialize,2299,0
mult,2.05303e+06,0
deserialize,2176,0
mult,2.04061e+06,0
deserialize,2280,0
mult,2.05891e+06,0
deserialize,2138,0
mult,2.05008e+06,0
deserialize,2130,0
mult,2.05449e+06,0
deserialize,2123,0
mult,2.03656e+06,0
deserialize,2476,0
mult,2.05787e+06,0
deserialize,2672,0
mult,2.05946e+06,0
deserialize,2113,0
mult,2.06114e+06,0
deserialize,2302,0
mult,2.0445e+06,0
deserialize,2291,0
mult,2.03802e+06,0
deserialize,2542,0
mult,2.0532e+06,0
deserialize,2445,0
mult,2.05395e+06,0
deserialize,2302,0
mult,2.04731e+06,0
deserialize,2473,0
mult,2.03887e+06,0
deserialize,2194,0
mult,8.79849e+06,0
deserialize,20196,0
mult,7.3042e+07,0
deserialize,4534,0
mult,5.91886e+07,0
deserialize,3983,0
mult,6.54177e+07,0
deserialize,22498,0
mult,2.61233e+07,0
deserialize,4633,0
mult,4.35644e+06,0
deserialize,3217,0
mult,2.05913e+06,0
deserialize,2552,0
mult,2.03474e+06,0
deserialize,2368,0
mult,2.05084e+06,0
deserialize,2375,0
mult,2.03704e+06,0
deserialize,2503,0
mult,2.04535e+06,0
deserialize,2670,0
mult,2.03281e+06,0
deserialize,2228,0
mult,2.04658e+06,0
deserialize,2518,0
mult,2.03496e+06,0
deserialize,2619,0
mult,2.05697e+06,0
deserialize,2656,0
mult,2.03238e+06,0
deserialize,2419,0
mult,2.04588e+06,0
deserialize,2415,0
mult,2.03572e+06,0
deserialize,2657,0
mult,2.04917e+06,0
deserialize,2258,0
mult,2.03532e+06,0
deserialize,2310,0
mult,2.04907e+06,0
deserialize,2199,0
mult,2.04104e+06,0
deserialize,2458,0
mult,2.04313e+06,0
deserialize,2288,0
mult,2.04045e+06,0
deserialize,2464,0
mult,2.04256e+06,0
deserialize,2146,0
mult,2.04159e+06,0
deserialize,2832,0
mult,2.04726e+06,0
deserialize,2553,0
mult,2.04014e+06,0
deserialize,2572,0
mult,2.04163e+06,0
deserialize,2186,0
mult,2.04182e+06,0
deserialize,2476,0
mult,2.04073e+06,0
deserialize,2379,0
mult,2.03979e+06,0
deserialize,2492,0
mult,2.04392e+06,0
deserialize,2255,0
mult,2.04428e+06,0
deserialize,2560,0
mult,2.0451e+06,0
deserialize,2259,0
mult,2.04165e+06,0
deserialize,2390,0
mult,2.04275e+06,0
deserialize,2106,0
mult,2.03956e+06,0
deserialize,2446,0
mult,2.04194e+06,0
deserialize,2220,0
mult,2.04112e+06,0
deserialize,2537,0
mult,2.03994e+06,0
deserialize,2681,0
mult,2.01972e+06,0
deserialize,2520,0
mult,1.89906e+06,0
gemm,2.70094e+09,0
wait_all,1.94562e+09,0
deserialize,6891,0
mult,2.1576e+06,0
deserialize,2870,0
mult,2.04868e+06,0
deserialize,2447,0
mult,2.11672e+06,0
deserialize,2331,0
mult,2.10398e+06,0
deserialize,2689,0
mult,2.05067e+06,0
deserialize,2088,0
mult,2.04904e+06,0
deserialize,2377,0
mult,2.07718e+06,0
deserialize,2467,0
mult,2.11107e+06,0
deserialize,2593,0
mult,2.05283e+06,0
deserialize,2110,0
mult,2.05088e+06,0
deserialize,2418,0
mult,2.05457e+06,0
deserialize,2634,0
mult,2.10188e+06,0
deserialize,2740,0
mult,2.08498e+06,0
deserialize,2045,0
mult,2.0641e+06,0
deserialize,2513,0
mult,2.04363e+06,0
deserialize,2137,0
mult,2.09074e+06,0
deserialize,2310,0
mult,2.10412e+06,0
deserialize,2147,0
mult,2.06195e+06,0
deserialize,2248,0
mult,2.04831e+06,0
deserialize,2515,0
mult,2.05451e+06,0
deserialize,2196,0
mult,2.10258e+06,0
deserialize,2150,0
mult,2.10239e+06,0
deserialize,2290,0
mult,2.04726e+06,0
deserialize,2270,0
mult,2.04531e+06,0
deserialize,2317,0
mult,2.07807e+06,0
deserialize,2450,0
mult,2.11246e+06,0
deserialize,2154,0
mult,2.05274e+06,0
deserialize,2037,0
mult,2.05065e+06,0
deserialize,2075,0
mult,2.05364e+06,0
deserialize,2114,0
mult,2.10371e+06,0
deserialize,2254,0
mult,2.09212e+06,0
deserialize,2263,0
mult,2.05325e+06,0
deserialize,2379,0
mult,2.04807e+06,0
deserialize,2327,0
mult,2.08477e+06,0
deserialize,2361,0
mult,2.10948e+06,0
deserialize,2480,0
mult,2.05461e+06,0
deserialize,2300,0
mult,2.05199e+06,0
deserialize,2446,0
mult,2.04862e+06,0
deserialize,2073,0
mult,2.10495e+06,0
deserialize,2931,0
mult,2.09197e+06,0
deserialize,1993,0
mult,2.05533e+06,0
deserialize,2200,0
mult,2.03941e+06,0
deserialize,2227,0
mult,2.08746e+06,0
deserialize,2488,0
mult,2.10433e+06,0
deserialize,2353,0
mult,2.06114e+06,0
deserialize,2278,0
mult,2.045e+06,0
deserialize,2075,0
mult,2.05783e+06,0
deserialize,2328,0
mult,2.10246e+06,0
deserialize,2150,0
mult,2.09439e+06,0
deserialize,2371,0
mult,2.0518e+06,0
deserialize,2178,0
mult,2.04841e+06,0
deserialize,2278,0
mult,2.08487e+06,0
deserialize,2431,0
mult,2.10925e+06,0
deserialize,2277,0
mult,2.05449e+06,0
deserialize,2261,0
mult,2.0545e+06,0
deserialize,2594,0
mult,2.05477e+06,0
deserialize,2378,0
mult,2.09556e+06,0
deserialize,2342,0
mult,2.10044e+06,0
deserialize,2374,0
mult,2.04874e+06,0
deserialize,2082,0
mult,2.04658e+06,0
deserialize,2427,0
mult,2.08106e+06,0
deserialize,2287,0
mult,2.11338e+06,0
deserialize,2600,0
mult,2.0553e+06,0
deserialize,2259,0
mult,2.05216e+06,0
deserialize,2707,0
mult,2.04912e+06,0
deserialize,2247,0
mult,2.11023e+06,0
deserialize,2398,0
mult,2.0887e+06,0
deserialize,2300,0
mult,2.05915e+06,0
deserialize,2305,0
mult,2.04175e+06,0
deserialize,2320,0
mult,2.09658e+06,0
deserialize,2097,0
mult,2.10605e+06,0
deserialize,2114,0
mult,2.06183e+06,0
deserialize,2157,0
mult,2.04822e+06,0
deserialize,2203,0
mult,2.05863e+06,0
deserialize,2221,0
mult,2.10279e+06,0
deserialize,2250,0
mult,2.09742e+06,0
deserialize,2310,0
mult,2.05031e+06,0
deserialize,2114,0
mult,2.0465e+06,0
deserialize,2153,0
mult,2.07911e+06,0
deserialize,2095,0
mult,2.11103e+06,0
deserialize,2087,0
mult,2.05431e+06,0
deserialize,2279,0
mult,2.05013e+06,0
deserialize,2194,0
mult,2.0537e+06,0
deserialize,2387,0
mult,2.09892e+06,0
deserialize,2366,0
mult,2.09281e+06,0
deserialize,2632,0
mult,2.05043e+06,0
deserialize,2073,0
mult,2.04882e+06,0
deserialize,2676,0
mult,2.08744e+06,0
deserialize,2146,0
mult,2.10973e+06,0
deserialize,2373,0
mult,2.05294e+06,0
deserialize,2310,0
mult,2.05467e+06,0
deserialize,2626,0
mult,2.0537e+06,0
deserialize,2444,0
mult,2.11083e+06,0
deserialize,2683,0
mult,2.08784e+06,0
deserialize,2054,0
mult,2.05747e+06,0
deserialize,2389,0
mult,2.04225e+06,0
deserialize,2393,0
mult,2.08254e+06,0
deserialize,2286,0
mult,2.1087e+06,0
deserialize,2351,0
mult,2.06172e+06,0
deserialize,2063,0
mult,2.04492e+06,0
deserialize,2161,0
mult,2.05364e+06,0
deserialize,2050,0
mult,2.09629e+06,0
deserialize,2356,0
mult,2.09404e+06,0
deserialize,2006,0
mult,2.05078e+06,0
deserialize,2067,0
mult,2.04698e+06,0
deserialize,2420,0
mult,2.08397e+06,0
deserialize,2295,0
mult,2.10837e+06,0
deserialize,2256,0
mult,2.05661e+06,0
deserialize,2768,0
mult,2.04606e+06,0
deserialize,2112,0
mult,2.05903e+06,0
deserialize,2316,0
mult,2.10297e+06,0
deserialize,2257,0
mult,2.09256e+06,0
deserialize,2418,0
mult,2.05293e+06,0
deserialize,2038,0
mult,2.05028e+06,0
deserialize,2647,0
mult,2.07889e+06,0
deserialize,2787,0
mult,2.11242e+06,0
deserialize,2562,0
mult,2.05802e+06,0
deserialize,2001,0
mult,2.05235e+06,0
deserialize,2686,0
mult,2.04998e+06,0
deserialize,2087,0
mult,2.10326e+06,0
deserialize,2464,0
mult,2.09135e+06,0
deserialize,2152,0
mult,2.0551e+06,0
deserialize,2146,0
mult,2.04083e+06,0
deserialize,2134,0
mult,2.09214e+06,0
deserialize,2209,0
mult,2.1063e+06,0
deserialize,2617,0
mult,2.05776e+06,0
deserialize,2119,0
mult,2.04323e+06,0
deserialize,2255,0
mult,2.05623e+06,0
deserialize,2478,0
mult,2.10141e+06,0
deserialize,2187,0
mult,2.09025e+06,0
deserialize,2187,0
mult,2.05444e+06,0
deserialize,1975,0
mult,2.04903e+06,0
deserialize,2122,0
mult,2.0796e+06,0
deserialize,2156,0
mult,2.1093e+06,0
deserialize,2337,0
mult,2.06074e+06,0
deserialize,2294,0
mult,2.04696e+06,0
deserialize,2152,0
mult,2.05877e+06,0
deserialize,2340,0
mult,2.10106e+06,0
deserialize,2303,0
mult,2.09379e+06,0
deserialize,2439,0
mult,2.05528e+06,0
deserialize,2096,0
mult,2.04715e+06,0
deserialize,2499,0
mult,2.08134e+06,0
deserialize,2271,0
mult,2.11695e+06,0
deserialize,2706,0
mult,2.05253e+06,0
deserialize,2295,0
mult,2.04792e+06,0
deserialize,2298,0
mult,2.04863e+06,0
deserialize,2309,0
mult,2.11075e+06,0
deserialize,2471,0
mult,2.08649e+06,0
deserialize,2289,0
mult,2.0576e+06,0
deserialize,2224,0
mult,2.04436e+06,0
deserialize,2335,0
mult,2.08451e+06,0
deserialize,2386,0
mult,2.1032e+06,0
deserialize,2416,0
mult,2.06298e+06,0
deserialize,2247,0
mult,2.04672e+06,0
deserialize,1978,0
mult,2.0614e+06,0
deserialize,2140,0
mult,2.10241e+06,0
deserialize,2320,0
mult,2.09196e+06,0
deserialize,2372,0
mult,2.05596e+06,0
deserialize,2354,0
mult,2.04512e+06,0
deserialize,2119,0
mult,2.0801e+06,0
deserialize,2394,0
mult,2.11576e+06,0
deserialize,2328,0
mult,2.06239e+06,0
deserialize,2450,0
mult,2.04573e+06,0
deserialize,2054,0
mult,2.0559e+06,0
deserialize,2282,0
mult,2.10614e+06,0
deserialize,2350,0
mult,2.09451e+06,0
deserialize,2559,0
mult,2.0551e+06,0
deserialize,2071,0
mult,2.04618e+06,0
deserialize,2663,0
mult,2.08165e+06,0
deserialize,2400,0
mult,2.11001e+06,0
deserialize,2570,0
mult,2.05469e+06,0
deserialize,2178,0
mult,2.05221e+06,0
deserialize,2271,0
mult,2.05317e+06,0
deserialize,2146,0
mult,2.10409e+06,0
deserialize,2049,0
mult,2.09094e+06,0
deserialize,2075,0
mult,2.05876e+06,0
deserialize,2026,0
mult,2.04069e+06,0
deserialize,2280,0
mult,2.08453e+06,0
deserialize,2343,0
mult,2.10275e+06,0
deserialize,2443,0
mult,2.06345e+06,0
deserialize,2489,0
mult,2.04672e+06,0
deserialize,2213,0
mult,2.05712e+06,0
deserialize,2030,0
mult,2.10381e+06,0
deserialize,2153,0
mult,2.09438e+06,0
deserialize,2250,0
mult,2.05827e+06,0
deserialize,2144,0
mult,2.04657e+06,0
deserialize,2081,0
mult,2.08956e+06,0
deserialize,2340,0
mult,2.11045e+06,0
deserialize,2219,0
mult,2.06013e+06,0
deserialize,2506,0
mult,2.04823e+06,0
deserialize,2277,0
mult,2.05621e+06,0
deserialize,2530,0
mult,2.09684e+06,0
deserialize,2336,0
mult,2.09757e+06,0
deserialize,2380,0
mult,2.05388e+06,0
deserialize,2265,0
mult,2.04837e+06,0
deserialize,2500,0
mult,2.07924e+06,0
deserialize,2354,0
mult,2.10607e+06,0
deserialize,2430,0
mult,2.05644e+06,0
deserialize,2248,0
mult,2.05055e+06,0
deserialize,2379,0
mult,2.05404e+06,0
deserialize,2493,0
mult,2.10787e+06,0
deserialize,2165,0
mult,2.09174e+06,0
deserialize,2167,0
mult,2.05849e+06,0
deserialize,2132,0
mult,2.03947e+06,0
deserialize,2065,0
mult,2.08807e+06,0
deserialize,2147,0
mult,2.10643e+06,0
deserialize,2126,0
mult,2.06446e+06,0
deserialize,2306,0
mult,2.04888e+06,0
deserialize,2289,0
mult,2.06273e+06,0
deserialize,2315,0
mult,2.11017e+06,0
deserialize,2262,0
mult,2.08812e+06,0
deserialize,2420,0
mult,2.05035e+06,0
deserialize,2595,0
mult,2.04754e+06,0
deserialize,2474,0
mult,8.59758e+06,0
deserialize,2732,0
mult,7.35703e+07,0
deserialize,4313,0
mult,5.93608e+07,0
deserialize,3592,0
mult,6.54691e+07,0
deserialize,22263,0
mult,2.63584e+07,0
deserialize,5363,0
mult,4.2965e+06,0
deserialize,3431,0
mult,2.04792e+06,0
deserialize,2736,0
mult,2.04989e+06,0
deserialize,2846,0
mult,2.04162e+06,0
deserialize,2574,0
mult,2.04929e+06,0
deserialize,2972,0
mult,2.03919e+06,0
deserialize,2513,0
mult,2.05265e+06,0
deserialize,2627,0
mult,2.03339e+06,0
deserialize,2581,0
mult,2.05346e+06,0
deserialize,2610,0
mult,2.03402e+06,0
deserialize,2632,0
mult,2.05219e+06,0
deserialize,2753,0
mult,2.03249e+06,0
deserialize,2395,0
mult,2.05124e+06,0
deserialize,2879,0
mult,2.0397e+06,0
deserialize,2615,0
mult,2.05318e+06,0
deserialize,2871,0
mult,2.02958e+06,0
deserialize,2187,0
mult,2.06118e+06,0
deserialize,2714,0
mult,2.03254e+06,0
deserialize,2357,0
mult,2.0453e+06,0
deserialize,2444,0
mult,2.03861e+06,0
deserialize,2176,0
mult,2.04856e+06,0
deserialize,2783,0
mult,2.03232e+06,0
deserialize,2550,0
mult,2.05691e+06,0
deserialize,2614,0
mult,2.03231e+06,0
deserialize,2192,0
mult,2.04624e+06,0
deserialize,2812,0
mult,2.03773e+06,0
deserialize,2299,0
mult,2.04821e+06,0
deserialize,2540,0
mult,2.03162e+06,0
deserialize,2273,0
mult,2.05629e+06,0
deserialize,2287,0
mult,2.03468e+06,0
deserialize,2170,0
mult,2.04604e+06,0
deserialize,2351,0
mult,2.03725e+06,0
deserialize,2115,0
mult,2.04855e+06,0
deserialize,2447,0
mult,2.02914e+06,0
deserialize,2857,0
mult,1.99137e+06,0
deserialize,2696,0
mult,1.88948e+06,0
deserialize,2701,0
mult,1.94746e+06,0
deserialize,2118,0
mult,1.89519e+06,0
gemm,2.6508e+09,0
wait_all,1.89555e+09,0
deserialize,6440,0
mult,2.13596e+06,0
deserialize,3525,0
mult,2.06811e+06,0
deserialize,2402,0
mult,2.10521e+06,0
deserialize,2336,0
mult,2.10678e+06,0
deserialize,2165,0
mult,2.05314e+06,0
deserialize,2580,0
mult,2.04712e+06,0
deserialize,2483,0
mult,2.07703e+06,0
deserialize,2269,0
mult,2.11084e+06,0
deserialize,2180,0
mult,2.06625e+06,0
deserialize,2076,0
mult,2.04565e+06,0
deserialize,2238,0
mult,2.05397e+06,0
deserialize,2369,0
mult,2.10461e+06,0
deserialize,2386,0
mult,2.08737e+06,0
deserialize,2593,0
mult,2.05753e+06,0
deserialize,2174,0
mult,2.04353e+06,0
deserialize,2323,0
mult,2.09176e+06,0
deserialize,2357,0
mult,2.11309e+06,0
deserialize,2520,0
mult,2.05974e+06,0
deserialize,2185,0
mult,2.04554e+06,0
deserialize,2499,0
mult,2.04808e+06,0
deserialize,2394,0
mult,2.1112e+06,0
deserialize,2541,0
mult,2.09956e+06,0
deserialize,2057,0
mult,2.05573e+06,0
deserialize,2435,0
mult,2.03797e+06,0
deserialize,1994,0
mult,2.08529e+06,0
deserialize,2880,0
mult,2.10722e+06,0
deserialize,2198,0
mult,2.07413e+06,0
deserialize,2482,0
mult,2.03831e+06,0
deserialize,2360,0
mult,2.05849e+06,0
deserialize,2417,0
mult,2.09758e+06,0
deserialize,2286,0
mult,2.09716e+06,0
deserialize,2080,0
mult,2.05285e+06,0
deserialize,2167,0
mult,2.04592e+06,0
deserialize,2053,0
mult,2.08294e+06,0
deserialize,2124,0
mult,2.11263e+06,0
deserialize,2341,0
mult,2.06188e+06,0
deserialize,2475,0
mult,2.04441e+06,0
deserialize,2512,0
mult,2.04746e+06,0
deserialize,2409,0
mult,2.10398e+06,0
deserialize,2337,0
mult,2.09475e+06,0
deserialize,1983,0
mult,2.05698e+06,0
deserialize,2613,0
mult,2.03865e+06,0
deserialize,2150,0
mult,2.08782e+06,0
deserialize,2243,0
mult,2.11169e+06,0
deserialize,2657,0
mult,2.05926e+06,0
deserialize,2197,0
mult,2.04576e+06,0
deserialize,2421,0
mult,2.0506e+06,0
deserialize,1991,0
mult,2.10975e+06,0
deserialize,2697,0
mult,2.0942e+06,0
deserialize,2210,0
mult,2.05898e+06,0
deserialize,2366,0
mult,2.03763e+06,0
deserialize,2082,0
mult,2.08905e+06,0
deserialize,2657,0
mult,2.10682e+06,0
deserialize,2389,0
mult,2.07611e+06,0
deserialize,2393,0
mult,2.0393e+06,0
deserialize,2573,0
mult,2.05309e+06,0
deserialize,2089,0
mult,2.09654e+06,0
deserialize,2281,0
mult,2.10047e+06,0
deserialize,2192,0
mult,2.05494e+06,0
deserialize,2147,0
mult,2.04608e+06,0
deserialize,2313,0
mult,2.08209e+06,0
deserialize,2258,0
mult,2.11465e+06,0
deserialize,2570,0
mult,2.05415e+06,0
deserialize,2142,0
mult,2.04744e+06,0
deserialize,2281,0
mult,2.05e+06,0
deserialize,2170,0
mult,2.11221e+06,0
deserialize,2548,0
mult,2.09236e+06,0
deserialize,2157,0
mult,2.05562e+06,0
deserialize,2294,0
mult,2.03658e+06,0
deserialize,2131,0
mult,2.09404e+06,0
deserialize,2288,0
mult,2.11386e+06,0
deserialize,2738,0
mult,2.07041e+06,0
deserialize,2574,0
mult,2.0456e+06,0
deserialize,2536,0
mult,2.04998e+06,0
deserialize,2030,0
mult,2.10839e+06,0
deserialize,2506,0
mult,2.09328e+06,0
deserialize,2459,0
mult,2.0586e+06,0
deserialize,2630,0
mult,2.0416e+06,0
deserialize,2318,0
mult,2.08529e+06,0
deserialize,2506,0
mult,2.10611e+06,0
deserialize,2180,0
mult,2.06495e+06,0
deserialize,2503,0
mult,2.04068e+06,0
deserialize,2321,0
mult,2.05508e+06,0
deserialize,2547,0
mult,2.09807e+06,0
deserialize,2205,0
mult,2.09676e+06,0
deserialize,2205,0
mult,2.04853e+06,0
deserialize,2016,0
mult,2.04516e+06,0
deserialize,2211,0
mult,2.0875e+06,0
deserialize,2440,0
mult,2.11264e+06,0
deserialize,2216,0
mult,2.06378e+06,0
deserialize,2071,0
mult,2.04434e+06,0
deserialize,2240,0
mult,2.05095e+06,0
deserialize,2098,0
mult,2.11132e+06,0
deserialize,2452,0
mult,2.09085e+06,0
deserialize,2175,0
mult,2.0564e+06,0
deserialize,2393,0
mult,2.04532e+06,0
deserialize,2360,0
mult,2.07818e+06,0
deserialize,2255,0
mult,2.1149e+06,0
deserialize,2460,0
mult,2.06167e+06,0
deserialize,2153,0
mult,2.0474e+06,0
deserialize,2330,0
mult,2.04849e+06,0
deserialize,2580,0
mult,2.10315e+06,0
deserialize,2269,0
mult,2.09056e+06,0
deserialize,2250,0
mult,2.05453e+06,0
deserialize,2450,0
mult,2.03895e+06,0
deserialize,2267,0
mult,2.09192e+06,0
deserialize,2546,0
mult,2.10382e+06,0
deserialize,2405,0
mult,2.06979e+06,0
deserialize,2261,0
mult,2.0391e+06,0
deserialize,2453,0
mult,2.05842e+06,0
deserialize,2228,0
mult,2.10456e+06,0
deserialize,2244,0
mult,2.09427e+06,0
deserialize,2303,0
mult,2.04796e+06,0
deserialize,2074,0
mult,2.04733e+06,0
deserialize,2605,0
mult,2.07835e+06,0
deserialize,2468,0
mult,2.11444e+06,0
deserialize,2357,0
mult,2.0652e+06,0
deserialize,1968,0
mult,2.04655e+06,0
deserialize,2362,0
mult,2.04918e+06,0
deserialize,1998,0
mult,2.10504e+06,0
deserialize,2146,0
mult,2.09145e+06,0
deserialize,2101,0
mult,2.05386e+06,0
deserialize,2313,0
mult,2.04725e+06,0
deserialize,2476,0
mult,2.08258e+06,0
deserialize,2255,0
mult,2.11063e+06,0
deserialize,2663,0
mult,2.06479e+06,0
deserialize,2086,0
mult,2.04693e+06,0
deserialize,2632,0
mult,2.04775e+06,0
deserialize,2639,0
mult,2.10612e+06,0
deserialize,2468,0
mult,2.08873e+06,0
deserialize,2119,0
mult,2.06032e+06,0
deserialize,2520,0
mult,2.04198e+06,0
deserialize,2067,0
mult,2.08377e+06,0
deserialize,2280,0
mult,2.10529e+06,0
deserialize,2334,0
mult,2.0657e+06,0
deserialize,2069,0
mult,2.0407e+06,0
deserialize,2387,0
mult,2.0585e+06,0
deserialize,2773,0
mult,2.102e+06,0
deserialize,2267,0
mult,2.09553e+06,0
deserialize,2410,0
mult,2.04796e+06,0
deserialize,1981,0
mult,2.0432e+06,0
deserialize,2175,0
mult,2.08073e+06,0
deserialize,2273,0
mult,2.11849e+06,0
deserialize,2279,0
mult,2.06699e+06,0
deserialize,2187,0
mult,2.04515e+06,0
deserialize,2283,0
mult,2.04559e+06,0
deserialize,2329,0
mult,2.10943e+06,0
deserialize,2942,0
mult,2.09615e+06,0
deserialize,2609,0
mult,2.06047e+06,0
deserialize,2584,0
mult,2.04684e+06,0
deserialize,2338,0
mult,2.0793e+06,0
deserialize,2270,0
mult,2.10901e+06,0
deserialize,2419,0
mult,2.06236e+06,0
deserialize,2070,0
mult,2.04464e+06,0
deserialize,2467,0
mult,2.05592e+06,0
deserialize,2292,0
mult,2.10821e+06,0
deserialize,2456,0
mult,2.08968e+06,0
deserialize,2461,0
mult,2.05114e+06,0
deserialize,2527,0
mult,2.03879e+06,0
deserialize,2135,0
mult,2.08541e+06,0
deserialize,2590,0
mult,2.11258e+06,0
deserialize,2700,0
mult,2.07263e+06,0
deserialize,2309,0
mult,2.03842e+06,0
deserialize,2313,0
mult,2.05153e+06,0
deserialize,2280,0
mult,2.10331e+06,0
deserialize,2379,0
mult,2.09857e+06,0
deserialize,2435,0
mult,2.05829e+06,0
deserialize,2307,0
mult,2.04399e+06,0
deserialize,2460,0
mult,2.08136e+06,0
deserialize,2098,0
mult,2.1151e+06,0
deserialize,2516,0
mult,2.06009e+06,0
deserialize,2169,0
mult,2.04454e+06,0
deserialize,2369,0
mult,2.0509e+06,0
deserialize,2264,0
mult,2.10462e+06,0
deserialize,2110,0
mult,2.09809e+06,0
deserialize,2453,0
mult,2.05007e+06,0
deserialize,2205,0
mult,2.04704e+06,0
deserialize,2686,0
mult,2.08069e+06,0
deserialize,2075,0
mult,2.11245e+06,0
deserialize,2490,0
mult,2.06458e+06,0
deserialize,2340,0
mult,2.04325e+06,0
deserialize,2388,0
mult,2.0484e+06,0
deserialize,2145,0
mult,2.10995e+06,0
deserialize,2673,0
mult,2.09218e+06,0
deserialize,2480,0
mult,2.06272e+06,0
deserialize,2528,0
mult,2.03706e+06,0
deserialize,2180,0
mult,2.09208e+06,0
deserialize,2165,0
mult,2.11214e+06,0
deserialize,2201,0
mult,2.06667e+06,0
deserialize,2345,0
mult,2.0366e+06,0
deserialize,2078,0
mult,2.05369e+06,0
deserialize,2380,0
mult,2.09788e+06,0
deserialize,2833,0
mult,2.10229e+06,0
deserialize,2260,0
mult,2.05368e+06,0
deserialize,2158,0
mult,2.04418e+06,0
deserialize,2446,0
mult,2.07804e+06,0
deserialize,2259,0
mult,2.10731e+06,0
deserialize,2296,0
mult,2.0645e+06,0
deserialize,2306,0
mult,2.04567e+06,0
deserialize,2377,0
mult,2.04898e+06,0
deserialize,2334,0
mult,2.10632e+06,0
deserialize,2358,0
mult,2.10094e+06,0
deserialize,2480,0
mult,2.05759e+06,0
deserialize,2513,0
mult,2.04384e+06,0
deserialize,2669,0
mult,2.08306e+06,0
deserialize,2740,0
mult,2.11312e+06,0
deserialize,2510,0
mult,2.0671e+06,0
deserialize,2473,0
mult,2.04637e+06,0
deserialize,2353,0
mult,2.05499e+06,0
deserialize,2200,0
mult,2.1156e+06,0
deserialize,2687,0
mult,2.08706e+06,0
deserialize,2286,0
mult,2.05546e+06,0
deserialize,2530,0
mult,2.03902e+06,0
deserialize,2720,0
mult,8.7923e+06,0
deserialize,2710,0
mult,7.31409e+07,0
deserialize,5109,0
mult,5.93485e+07,0
deserialize,4419,0
mult,6.54016e+07,0
deserialize,24062,0
mult,2.61671e+07,0
deserialize,5508,0
mult,4.40933e+06,0
deserialize,3207,0
mult,2.03759e+06,0
deserialize,2753,0
mult,2.05083e+06,0
deserialize,2785,0
mult,2.03182e+06,0
deserialize,2609,0
mult,2.05597e+06,0
deserialize,2906,0
mult,2.03274e+06,0
deserialize,2436,0
mult,2.04528e+06,0
deserialize,2624,0
mult,2.03296e+06,0
deserialize,2376,0
mult,2.05188e+06,0
deserialize,2702,0
mult,2.03136e+06,0
deserialize,2771,0
mult,2.04616e+06,0
deserialize,2699,0
mult,2.03106e+06,0
deserialize,2496,0
mult,2.05009e+06,0
deserialize,2965,0
mult,2.03511e+06,0
deserialize,2761,0
mult,2.04631e+06,0
deserialize,2561,0
mult,2.02918e+06,0
deserialize,2586,0
mult,2.05898e+06,0
deserialize,2768,0
mult,2.03266e+06,0
deserialize,2268,0
mult,2.04679e+06,0
deserialize,2479,0
mult,2.03655e+06,0
deserialize,2119,0
mult,2.05608e+06,0
deserialize,2282,0
mult,2.03136e+06,0
deserialize,2382,0
mult,2.04804e+06,0
deserialize,2281,0
mult,2.03218e+06,0
deserialize,2140,0
mult,2.04995e+06,0
deserialize,2254,0
mult,2.03881e+06,0
deserialize,2338,0
mult,2.04537e+06,0
deserialize,2525,0
mult,2.03011e+06,0
deserialize,2514,0
mult,2.05352e+06,0
deserialize,2470,0
mult,2.03286e+06,0
deserialize,2423,0
mult,2.04431e+06,0
deserialize,2460,0
mult,2.03548e+06,0
deserialize,2117,0
mult,2.05638e+06,0
deserialize,2559,0
mult,2.02903e+06,0
deserialize,2385,0
mult,2.04665e+06,0
deserialize,2573,0
mult,2.03135e+06,0
deserialize,2273,0
mult,2.0432e+06,0
deserialize,2887,0
mult,1.89361e+06,0
gemm,2.65732e+09,0
wait_all,1.88811e+09,0
deserialize,6721,0
mult,2.24324e+06,0
deserialize,3119,0
mult,2.12564e+06,0
deserialize,2190,0
mult,2.14241e+06,0
deserialize,2426,0
mult,2.13265e+06,0
deserialize,2105,0
mult,2.13163e+06,0
deserialize,2507,0
mult,2.11762e+06,0
deserialize,2309,0
mult,2.12843e+06,0
deserialize,2159,0
mult,2.12834e+06,0
deserialize,2031,0
mult,2.13201e+06,0
deserialize,2080,0
mult,2.12417e+06,0
deserialize,2313,0
mult,2.13197e+06,0
deserialize,2338,0
mult,2.12599e+06,0
deserialize,2381,0
mult,2.13134e+06,0
deserialize,2205,0
mult,2.13124e+06,0
deserialize,2424,0
mult,2.12235e+06,0
deserialize,2266,0
mult,2.13724e+06,0
deserialize,2692,0
mult,2.12922e+06,0
deserialize,2137,0
mult,2.1281e+06,0
deserialize,2339,0
mult,2.11796e+06,0
deserialize,2175,0
mult,2.12768e+06,0
deserialize,2352,0
mult,2.1296e+06,0
deserialize,2595,0
mult,2.13825e+06,0
deserialize,2060,0
mult,2.11842e+06,0
deserialize,2280,0
mult,2.12384e+06,0
deserialize,2016,0
mult,2.12292e+06,0
deserialize,2502,0
mult,2.13932e+06,0
deserialize,2320,0
mult,2.1226e+06,0
deserialize,2176,0
mult,2.12814e+06,0
deserialize,2253,0
mult,2.1283e+06,0
deserialize,2761,0
mult,2.12598e+06,0
deserialize,2113,0
mult,2.13247e+06,0
deserialize,2231,0
mult,2.12094e+06,0
deserialize,2108,0
mult,2.12398e+06,0
deserialize,2330,0
mult,2.12931e+06,0
deserialize,2013,0
mult,2.13348e+06,0
deserialize,2457,0
mult,2.12381e+06,0
deserialize,2528,0
mult,2.12727e+06,0
deserialize,2203,0
mult,2.12103e+06,0
deserialize,2201,0
mult,2.13432e+06,0
deserialize,2309,0
mult,2.12794e+06,0
deserialize,2025,0
mult,2.12508e+06,0
deserialize,2262,0
mult,2.12155e+06,0
deserialize,2163,0
mult,2.13322e+06,0
deserialize,2341,0
mult,2.1324e+06,0
deserialize,2277,0
mult,2.11936e+06,0
deserialize,1976,0
mult,2.12677e+06,0
deserialize,2676,0
mult,2.12185e+06,0
deserialize,2071,0
mult,2.13964e+06,0
deserialize,2449,0
mult,2.12946e+06,0
deserialize,1995,0
mult,2.12529e+06,0
deserialize,2600,0
mult,2.11518e+06,0
deserialize,2223,0
mult,2.1368e+06,0
deserialize,2200,0
mult,2.12935e+06,0
deserialize,2221,0
mult,2.13244e+06,0
deserialize,2326,0
mult,2.12e+06,0
deserialize,2205,0
mult,2.12664e+06,0
deserialize,1994,0
mult,2.12452e+06,0
deserialize,2215,0
mult,2.13759e+06,0
deserialize,2254,0
mult,2.12494e+06,0
deserialize,2412,0
mult,2.12337e+06,0
deserialize,2156,0
mult,2.13763e+06,0
deserialize,2297,0
mult,2.12852e+06,0
deserialize,2343,0
mult,2.12662e+06,0
deserialize,2434,0
mult,2.12339e+06,0
deserialize,2200,0
mult,2.12774e+06,0
deserialize,2280,0
mult,2.13375e+06,0
deserialize,2170,0
mult,2.13375e+06,0
deserialize,2053,0
mult,2.12214e+06,0
deserialize,2022,0
mult,2.12533e+06,0
deserialize,2415,0
mult,2.13339e+06,0
deserialize,2160,0
mult,2.13483e+06,0
deserialize,2194,0
mult,2.12797e+06,0
deserialize,2807,0
mult,2.12577e+06,0
deserialize,2326,0
mult,2.12792e+06,0
deserialize,2155,0
mult,2.13066e+06,0
deserialize,2239,0
mult,2.13837e+06,0
deserialize,2453,0
mult,2.1212e+06,0
deserialize,2168,0
mult,2.12808e+06,0
deserialize,2349,0
mult,2.12455e+06,0
deserialize,2212,0
mult,2.13426e+06,0
deserialize,2293,0
mult,2.12359e+06,0
deserialize,2432,0
mult,2.12974e+06,0
deserialize,2454,0
mult,2.12309e+06,0
deserialize,2076,0
mult,2.13294e+06,0
deserialize,2745,0
mult,2.12633e+06,0
deserialize,2372,0
mult,2.12849e+06,0
deserialize,2422,0
mult,2.12368e+06,0
deserialize,2074,0
mult,2.13634e+06,0
deserialize,2423,0
mult,2.13485e+06,0
deserialize,2422,0
mult,2.12229e+06,0
deserialize,2182,0
mult,2.12309e+06,0
deserialize,2673,0
mult,2.12516e+06,0
deserialize,2136,0
mult,2.14052e+06,0
deserialize,2360,0
mult,2.13083e+06,0
deserialize,2258,0
mult,2.12393e+06,0
deserialize,2528,0
mult,2.11802e+06,0
deserialize,2148,0
mult,2.13024e+06,0
deserialize,2283,0
mult,2.13163e+06,0
deserialize,2459,0
mult,2.13258e+06,0
deserialize,2510,0
mult,2.12081e+06,0
deserialize,2254,0
mult,2.12657e+06,0
deserialize,2180,0
mult,2.12483e+06,0
deserialize,2174,0
mult,2.1324e+06,0
deserialize,2314,0
mult,2.12846e+06,0
deserialize,2437,0
mult,2.12513e+06,0
deserialize,2402,0
mult,2.13441e+06,0
deserialize,2571,0
mult,2.12651e+06,0
deserialize,2197,0
mult,2.12678e+06,0
deserialize,2378,0
mult,2.11936e+06,0
deserialize,2189,0
mult,2.13155e+06,0
deserialize,2337,0
mult,2.13151e+06,0
deserialize,2247,0
mult,2.13648e+06,0
deserialize,2132,0
mult,2.11949e+06,0
deserialize,2196,0
mult,2.12378e+06,0
deserialize,2542,0
mult,2.12632e+06,0
deserialize,2282,0
mult,2.1361e+06,0
deserialize,2392,0
mult,2.12579e+06,0
deserialize,2396,0
mult,2.12428e+06,0
deserialize,2248,0
mult,2.12141e+06,0
deserialize,2027,0
mult,2.13176e+06,0
deserialize,2028,0
mult,2.13579e+06,0
deserialize,2313,0
mult,2.1213e+06,0
deserialize,2121,0
mult,2.12903e+06,0
deserialize,2362,0
mult,2.12617e+06,0
deserialize,2380,0
mult,2.135e+06,0
deserialize,2675,0
mult,2.12091e+06,0
deserialize,2092,0
mult,2.1256e+06,0
deserialize,2317,0
mult,2.1202e+06,0
deserialize,2460,0
mult,2.1353e+06,0
deserialize,2120,0
mult,2.12443e+06,0
deserialize,2116,0
mult,2.12793e+06,0
deserialize,2136,0
mult,2.11986e+06,0
deserialize,2224,0
mult,2.13006e+06,0
deserialize,2356,0
mult,2.12689e+06,0
deserialize,2176,0
mult,2.12776e+06,0
deserialize,2293,0
mult,2.12428e+06,0
deserialize,2312,0
mult,2.12704e+06,0
deserialize,2284,0
mult,2.13512e+06,0
deserialize,2256,0
mult,2.12537e+06,0
deserialize,2160,0
mult,2.12387e+06,0
deserialize,2373,0
mult,2.12194e+06,0
deserialize,2287,0
mult,2.13269e+06,0
deserialize,2257,0
mult,2.13563e+06,0
deserialize,2437,0
mult,2.1296e+06,0
deserialize,2518,0
mult,2.11582e+06,0
deserialize,2034,0
mult,2.12374e+06,0
deserialize,2262,0
mult,2.13281e+06,0
deserialize,2325,0
mult,2.13135e+06,0
deserialize,2580,0
mult,2.12584e+06,0
deserialize,2202,0
mult,2.1249e+06,0
deserialize,2343,0
mult,2.12937e+06,0
deserialize,2422,0
mult,2.12556e+06,0
deserialize,2283,0
mult,2.1338e+06,0
deserialize,2543,0
mult,2.11955e+06,0
deserialize,2090,0
mult,2.13248e+06,0
deserialize,2314,0
mult,2.12834e+06,0
deserialize,2474,0
mult,2.13263e+06,0
deserialize,2251,0
mult,2.11673e+06,0
deserialize,2677,0
mult,2.12989e+06,0
deserialize,2176,0
mult,2.12768e+06,0
deserialize,2194,0
mult,2.13888e+06,0
deserialize,2393,0
mult,2.12208e+06,0
deserialize,2237,0
mult,2.12486e+06,0
deserialize,2100,0
mult,2.11945e+06,0
deserialize,2225,0
mult,2.13833e+06,0
deserialize,2085,0
mult,2.13352e+06,0
deserialize,2474,0
mult,2.12434e+06,0
deserialize,2148,0
mult,2.12374e+06,0
deserialize,2410,0
mult,2.12842e+06,0
deserialize,2213,0
mult,2.13701e+06,0
deserialize,2528,0
mult,2.12754e+06,0
deserialize,2033,0
mult,2.12632e+06,0
deserialize,2329,0
mult,2.12419e+06,0
deserialize,2117,0
mult,2.13415e+06,0
deserialize,2300,0
mult,2.12839e+06,0
deserialize,2497,0
mult,2.12681e+06,0
deserialize,2148,0
mult,2.12489e+06,0
deserialize,2505,0
mult,2.13201e+06,0
deserialize,2093,0
mult,2.12858e+06,0
deserialize,2140,0
mult,2.1267e+06,0
deserialize,2356,0
mult,2.12943e+06,0
deserialize,2291,0
mult,2.1277e+06,0
deserialize,2380,0
mult,2.13786e+06,0
deserialize,2386,0
mult,2.12685e+06,0
deserialize,2366,0
mult,2.1257e+06,0
deserialize,2423,0
mult,2.11693e+06,0
deserialize,2270,0
mult,2.13561e+06,0
deserialize,2260,0
mult,2.13451e+06,0
deserialize,2306,0
mult,2.13204e+06,0
deserialize,2234,0
mult,2.11757e+06,0
deserialize,2275,0
mult,2.12446e+06,0
deserialize,2397,0
mult,2.1275e+06,0
deserialize,2085,0
mult,2.13683e+06,0
deserialize,2079,0
mult,2.12679e+06,0
deserialize,2054,0
mult,2.12742e+06,0
deserialize,2236,0
mult,2.12938e+06,0
deserialize,2369,0
mult,2.1266e+06,0
deserialize,2668,0
mult,2.12725e+06,0
deserialize,2343,0
mult,2.12208e+06,0
deserialize,2165,0
mult,2.12698e+06,0
deserialize,2640,0
mult,2.13182e+06,0
deserialize,2257,0
mult,2.13765e+06,0
deserialize,2407,0
mult,2.12414e+06,0
deserialize,2363,0
mult,2.12615e+06,0
deserialize,2053,0
mult,2.12747e+06,0
deserialize,2076,0
mult,2.13437e+06,0
deserialize,2136,0
mult,2.12763e+06,0
deserialize,2266,0
mult,2.12626e+06,0
deserialize,2413,0
mult,2.1268e+06,0
deserialize,2260,0
mult,2.14368e+06,0
deserialize,2286,0
mult,2.1223e+06,0
deserialize,2524,0
mult,2.11085e+06,0
deserialize,2803,0
mult,2.12671e+06,0
deserialize,3019,0
mult,8.9108e+06,0
deserialize,4039,0
mult,7.32213e+07,0
deserialize,4593,0
mult,5.94495e+07,0
deserialize,4809,0
mult,6.5569e+07,0
deserialize,23377,0
mult,2.58932e+07,0
deserialize,5065,0
mult,4.30568e+06,0
deserialize,3480,0
mult,2.13771e+06,0
deserialize,2643,0
mult,2.13485e+06,0
deserialize,2774,0
mult,2.12595e+06,0
deserialize,2961,0
mult,2.13744e+06,0
deserialize,2674,0
mult,2.13182e+06,0
deserialize,2574,0
mult,2.11899e+06,0
deserialize,2312,0
mult,2.1359e+06,0
deserialize,2803,0
mult,2.12572e+06,0
deserialize,2359,0
mult,2.13044e+06,0
deserialize,2475,0
mult,2.13381e+06,0
deserialize,2374,0
mult,2.12495e+06,0
deserialize,2374,0
mult,2.11906e+06,0
deserialize,2190,0
mult,2.14121e+06,0
deserialize,2714,0
mult,2.12558e+06,0
deserialize,2330,0
mult,2.12844e+06,0
deserialize,2310,0
mult,2.1373e+06,0
deserialize,2468,0
mult,2.13345e+06,0
deserialize,2253,0
mult,2.12971e+06,0
deserialize,2370,0
mult,2.13785e+06,0
deserialize,2140,0
mult,2.13211e+06,0
deserialize,2582,0
mult,2.11756e+06,0
deserialize,2440,0
mult,2.13932e+06,0
deserialize,2704,0
mult,2.12688e+06,0
deserialize,2257,0
mult,2.13056e+06,0
deserialize,2365,0
mult,2.13773e+06,0
deserialize,2448,0
mult,2.12828e+06,0
deserialize,2650,0
mult,2.03455e+06,0
deserialize,2765,0
mult,2.03006e+06,0
deserialize,2204,0
mult,1.97819e+06,0
deserialize,2594,0
mult,2.0234e+06,0
deserialize,3014,0
mult,1.98598e+06,0
deserialize,2607,0
mult,2.0256e+06,0
deserialize,2877,0
mult,1.96723e+06,0
deserialize,2673,0
mult,2.03229e+06,0
deserialize,2719,0
mult,1.97635e+06,0
deserialize,2544,0
mult,2.02359e+06,0
deserialize,2667,0
mult,1.98682e+06,0
gemm,2.66684e+09,0
wait_all,1.91908e+09,0
deserialize,6008,0
mult,2.12593e+06,0
deserialize,2359,0
mult,2.04462e+06,0
deserialize,2576,0
mult,2.03058e+06,0
deserialize,2447,0
mult,2.05184e+06,0
deserialize,2402,0
mult,2.03842e+06,0
deserialize,2336,0
mult,2.0366e+06,0
deserialize,2376,0
mult,2.02879e+06,0
deserialize,2160,0
mult,2.04137e+06,0
deserialize,2301,0
mult,2.04031e+06,0
deserialize,2377,0
mult,2.04049e+06,0
deserialize,2519,0
mult,2.0302e+06,0
deserialize,2366,0
mult,2.0397e+06,0
deserialize,2472,0
mult,2.04459e+06,0
deserialize,2310,0
mult,2.04245e+06,0
deserialize,2530,0
mult,2.02982e+06,0
deserialize,2050,0
mult,2.0384e+06,0
deserialize,2212,0
mult,2.03392e+06,0
deserialize,2372,0
mult,2.04727e+06,0
deserialize,2080,0
mult,2.03353e+06,0
deserialize,2160,0
mult,2.03638e+06,0
deserialize,2340,0
mult,2.03358e+06,0
deserialize,2197,0
mult,2.05079e+06,0
deserialize,2135,0
mult,2.03517e+06,0
deserialize,2151,0
mult,2.03853e+06,0
deserialize,2045,0
mult,2.03029e+06,0
deserialize,2159,0
mult,2.04304e+06,0
deserialize,2106,0
mult,2.0412e+06,0
deserialize,2135,0
mult,2.04301e+06,0
deserialize,2251,0
mult,2.03088e+06,0
deserialize,2217,0
mult,2.03869e+06,0
deserialize,2258,0
mult,2.0479e+06,0
deserialize,2063,0
mult,2.04548e+06,0
deserialize,2162,0
mult,2.02921e+06,0
deserialize,2233,0
mult,2.04088e+06,0
deserialize,2170,0
mult,2.03541e+06,0
deserialize,2277,0
mult,2.05008e+06,0
deserialize,2139,0
mult,2.03315e+06,0
deserialize,2423,0
mult,2.03726e+06,0
deserialize,2182,0
mult,2.03184e+06,0
deserialize,2346,0
mult,2.04962e+06,0
deserialize,2017,0
mult,2.03513e+06,0
deserialize,2290,0
mult,2.03928e+06,0
deserialize,2368,0
mult,2.0356e+06,0
deserialize,2433,0
mult,2.03564e+06,0
deserialize,2071,0
mult,2.04638e+06,0
deserialize,2384,0
mult,2.03555e+06,0
deserialize,2189,0
mult,2.03752e+06,0
deserialize,2370,0
mult,2.03238e+06,0
deserialize,2465,0
mult,2.05722e+06,0
deserialize,2427,0
mult,2.03691e+06,0
deserialize,2083,0
mult,2.03573e+06,0
deserialize,2372,0
mult,2.03257e+06,0
deserialize,2183,0
mult,2.04235e+06,0
deserialize,2440,0
mult,2.04996e+06,0
deserialize,2394,0
mult,2.04038e+06,0
deserialize,2450,0
mult,2.03046e+06,0
deserialize,2231,0
mult,2.0366e+06,0
deserialize,2375,0
mult,2.04204e+06,0
deserialize,2288,0
mult,2.04305e+06,0
deserialize,2359,0
mult,2.03193e+06,0
deserialize,2113,0
mult,2.03784e+06,0
deserialize,2580,0
mult,2.03507e+06,0
deserialize,2087,0
mult,2.04679e+06,0
deserialize,2220,0
mult,2.03516e+06,0
deserialize,2262,0
mult,2.04165e+06,0
deserialize,2419,0
mult,2.03299e+06,0
deserialize,2293,0
mult,2.05316e+06,0
deserialize,2328,0
mult,2.0385e+06,0
deserialize,2292,0
mult,2.03839e+06,0
deserialize,2258,0
mult,2.03236e+06,0
deserialize,1952,0
mult,2.04289e+06,0
deserialize,2266,0
mult,2.04727e+06,0
deserialize,2429,0
mult,2.03829e+06,0
deserialize,2269,0
mult,2.0309e+06,0
deserialize,2185,0
mult,2.04145e+06,0
deserialize,2137,0
mult,2.04118e+06,0
deserialize,2342,0
mult,2.0414e+06,0
deserialize,2214,0
mult,2.03136e+06,0
deserialize,2359,0
mult,2.03706e+06,0
deserialize,2399,0
mult,2.03487e+06,0
deserialize,2157,0
mult,2.06021e+06,0
deserialize,2501,0
mult,2.03456e+06,0
deserialize,2234,0
mult,2.03576e+06,0
deserialize,2384,0
mult,2.03376e+06,0
deserialize,2367,0
mult,2.04976e+06,0
deserialize,2223,0
mult,2.03651e+06,0
deserialize,2240,0
mult,2.03714e+06,0
deserialize,2426,0
mult,2.03096e+06,0
deserialize,2404,0
mult,2.03948e+06,0
deserialize,2409,0
mult,2.04954e+06,0
deserialize,2456,0
mult,2.03352e+06,0
deserialize,2176,0
mult,2.03622e+06,0
deserialize,2300,0
mult,2.03444e+06,0
deserialize,2213,0
mult,2.04851e+06,0
deserialize,2328,0
mult,2.03431e+06,0
deserialize,2243,0
mult,2.03512e+06,0
deserialize,2411,0
mult,2.0295e+06,0
deserialize,2183,0
mult,2.04407e+06,0
deserialize,2787,0
mult,2.04127e+06,0
deserialize,2184,0
mult,2.03908e+06,0
deserialize,2514,0
mult,2.0312e+06,0
deserialize,2125,0
mult,2.03685e+06,0
deserialize,2630,0
mult,2.04194e+06,0
deserialize,2393,0
mult,2.04404e+06,0
deserialize,2259,0
mult,2.03185e+06,0
deserialize,2453,0
mult,2.03672e+06,0
deserialize,2423,0
mult,2.03303e+06,0
deserialize,2342,0
mult,2.04835e+06,0
deserialize,2719,0
mult,2.03213e+06,0
deserialize,2137,0
mult,2.03591e+06,0
deserialize,2356,0
mult,2.03411e+06,0
deserialize,2366,0
mult,2.04804e+06,0
deserialize,2138,0
mult,2.03419e+06,0
deserialize,2194,0
mult,2.03816e+06,0
deserialize,2448,0
mult,2.03103e+06,0
deserialize,2347,0
mult,2.04536e+06,0
deserialize,2452,0
mult,2.04467e+06,0
deserialize,2559,0
mult,2.0366e+06,0
deserialize,2305,0
mult,2.02987e+06,0
deserialize,2114,0
mult,2.03765e+06,0
deserialize,2101,0
mult,2.04494e+06,0
deserialize,2188,0
mult,2.04401e+06,0
deserialize,2141,0
mult,2.03227e+06,0
deserialize,2174,0
mult,2.03607e+06,0
deserialize,2100,0
mult,2.03342e+06,0
deserialize,2497,0
mult,2.04943e+06,0
deserialize,2129,0
mult,2.03228e+06,0
deserialize,2458,0
mult,2.03868e+06,0
deserialize,2303,0
mult,2.03338e+06,0
deserialize,2474,0
mult,2.04652e+06,0
deserialize,2202,0
mult,2.0358e+06,0
deserialize,2292,0
mult,2.03649e+06,0
deserialize,2198,0
mult,2.02946e+06,0
deserialize,2423,0
mult,2.0458e+06,0
deserialize,2269,0
mult,2.04087e+06,0
deserialize,2125,0
mult,2.03732e+06,0
deserialize,2310,0
mult,2.03694e+06,0
deserialize,2432,0
mult,2.03506e+06,0
deserialize,2356,0
mult,2.04673e+06,0
deserialize,2414,0
mult,2.03795e+06,0
deserialize,2200,0
mult,2.03708e+06,0
deserialize,2425,0
mult,2.03142e+06,0
deserialize,2328,0
mult,2.03997e+06,0
deserialize,2545,0
mult,2.04274e+06,0
deserialize,2186,0
mult,2.03817e+06,0
deserialize,2430,0
mult,2.02961e+06,0
deserialize,2147,0
mult,2.03755e+06,0
deserialize,2510,0
mult,2.04274e+06,0
deserialize,2200,0
mult,2.04396e+06,0
deserialize,2877,0
mult,2.03228e+06,0
deserialize,2106,0
mult,2.03577e+06,0
deserialize,2407,0
mult,2.03574e+06,0
deserialize,2124,0
mult,2.04833e+06,0
deserialize,2425,0
mult,2.03283e+06,0
deserialize,2032,0
mult,2.03572e+06,0
deserialize,2723,0
mult,2.0353e+06,0
deserialize,2357,0
mult,2.0482e+06,0
deserialize,2357,0
mult,2.03453e+06,0
deserialize,2103,0
mult,2.03713e+06,0
deserialize,2343,0
mult,2.02999e+06,0
deserialize,2236,0
mult,2.04092e+06,0
deserialize,2264,0
mult,2.04346e+06,0
deserialize,2045,0
mult,2.03797e+06,0
deserialize,2423,0
mult,2.02996e+06,0
deserialize,2174,0
mult,2.03765e+06,0
deserialize,2114,0
mult,2.04477e+06,0
deserialize,2170,0
mult,2.04422e+06,0
deserialize,2123,0
mult,2.02964e+06,0
deserialize,2288,0
mult,2.03609e+06,0
deserialize,2172,0
mult,2.03823e+06,0
deserialize,2036,0
mult,2.04881e+06,0
deserialize,2012,0
mult,2.03326e+06,0
deserialize,2115,0
mult,2.03716e+06,0
deserialize,2135,0
mult,2.03411e+06,0
deserialize,2057,0
mult,2.0469e+06,0
deserialize,2204,0
mult,2.03569e+06,0
deserialize,2060,0
mult,2.03745e+06,0
deserialize,2424,0
mult,2.0308e+06,0
deserialize,2084,0
mult,2.0402e+06,0
deserialize,2320,0
mult,2.04136e+06,0
deserialize,2197,0
mult,2.03933e+06,0
deserialize,1993,0
mult,2.03032e+06,0
deserialize,2156,0
mult,2.03819e+06,0
deserialize,2359,0
mult,2.043e+06,0
deserialize,2650,0
mult,2.04353e+06,0
deserialize,2324,0
mult,2.03594e+06,0
deserialize,2304,0
mult,2.03184e+06,0
deserialize,2492,0
mult,2.04342e+06,0
deserialize,2524,0
mult,2.04441e+06,0
deserialize,2358,0
mult,2.03987e+06,0
deserialize,2517,0
mult,2.02924e+06,0
deserialize,2287,0
mult,2.03862e+06,0
deserialize,2404,0
mult,2.04711e+06,0
deserialize,2161,0
mult,2.04135e+06,0
deserialize,2550,0
mult,2.03063e+06,0
deserialize,2140,0
mult,2.03551e+06,0
deserialize,2271,0
mult,2.03377e+06,0
deserialize,2551,0
mult,2.04497e+06,0
deserialize,2359,0
mult,2.03374e+06,0
deserialize,2404,0
mult,2.03596e+06,0
deserialize,2758,0
mult,2.03204e+06,0
deserialize,2359,0
mult,2.05539e+06,0
deserialize,2780,0
mult,2.03639e+06,0
deserialize,2349,0
mult,2.0374e+06,0
deserialize,2365,0
mult,2.03037e+06,0
deserialize,2622,0
mult,2.044e+06,0
deserialize,2781,0
mult,2.04552e+06,0
deserialize,2140,0
mult,2.04046e+06,0
deserialize,2055,0
mult,2.0319e+06,0
deserialize,2184,0
mult,2.03834e+06,0
deserialize,2442,0
mult,2.05208e+06,0
deserialize,2253,0
mult,2.04335e+06,0
deserialize,2332,0
mult,2.03065e+06,0
deserialize,2357,0
mult,8.81078e+06,0
deserialize,2576,0
mult,7.3289e+07,0
deserialize,4810,0
mult,5.91616e+07,0
deserialize,4370,0
mult,6.53919e+07,0
deserialize,41065,0
mult,2.60502e+07,0
deserialize,6083,0
mult,4.439e+06,0
deserialize,3409,0
mult,2.04044e+06,0
deserialize,2467,0
mult,2.04119e+06,0
deserialize,2663,0
mult,2.03286e+06,0
deserialize,3040,0
mult,2.04261e+06,0
deserialize,3057,0
mult,2.03098e+06,0
deserialize,2273,0
mult,2.03866e+06,0
deserialize,2432,0
mult,2.02786e+06,0
deserialize,2274,0
mult,2.04164e+06,0
deserialize,2733,0
mult,2.03153e+06,0
deserialize,2608,0
mult,2.03603e+06,0
deserialize,2413,0
mult,2.02919e+06,0
deserialize,2234,0
mult,2.03769e+06,0
deserialize,2447,0
mult,2.02942e+06,0
deserialize,2450,0
mult,2.03806e+06,0
deserialize,2360,0
mult,2.03004e+06,0
deserialize,2255,0
mult,2.03526e+06,0
deserialize,2822,0
mult,2.03296e+06,0
deserialize,2217,0
mult,2.03972e+06,0
deserialize,2537,0
mult,2.03051e+06,0
deserialize,2089,0
mult,2.03841e+06,0
deserialize,2459,0
mult,2.03111e+06,0
deserialize,2371,0
mult,2.03768e+06,0
deserialize,2453,0
mult,2.03138e+06,0
deserialize,2427,0
mult,2.03973e+06,0
deserialize,2222,0
mult,2.03008e+06,0
deserialize,2333,0
mult,2.0364e+06,0
deserialize,2437,0
mult,2.02876e+06,0
deserialize,2369,0
mult,2.03669e+06,0
deserialize,2344,0
mult,2.03048e+06,0
deserialize,2309,0
mult,2.03871e+06,0
deserialize,2483,0
mult,2.02765e+06,0
deserialize,2325,0
mult,2.038e+06,0
deserialize,2416,0
mult,2.02939e+06,0
deserialize,2260,0
mult,2.04179e+06,0
deserialize,2370,0
mult,2.02955e+06,0
deserialize,2308,0
mult,2.04115e+06,0
deserialize,2192,0
mult,2.02957e+06,0
gemm,2.68326e+09,0
wait_all,1.91847e+09,0
deserialize,7304,0
mult,2.20629e+06,0
deserialize,2566,0
mult,2.11709e+06,0
deserialize,2272,0
mult,2.13197e+06,0
deserialize,2348,0
mult,2.13034e+06,0
deserialize,2537,0
mult,2.12194e+06,0
deserialize,2172,0
mult,2.12332e+06,0
deserialize,2376,0
mult,2.11556e+06,0
deserialize,2488,0
mult,2.12265e+06,0
deserialize,2374,0
mult,2.12117e+06,0
deserialize,2032,0
mult,2.12988e+06,0
deserialize,2359,0
mult,2.11982e+06,0
deserialize,2241,0
mult,2.12367e+06,0
deserialize,2520,0
mult,2.11615e+06,0
deserialize,2284,0
mult,2.12576e+06,0
deserialize,2039,0
mult,2.12021e+06,0
deserialize,2360,0
mult,2.12799e+06,0
deserialize,2111,0
mult,2.11838e+06,0
deserialize,2130,0
mult,2.12358e+06,0
deserialize,2227,0
mult,2.12129e+06,0
deserialize,2574,0
mult,2.11919e+06,0
deserialize,2613,0
mult,2.12654e+06,0
deserialize,2354,0
mult,2.12302e+06,0
deserialize,2005,0
mult,2.12386e+06,0
deserialize,2380,0
mult,2.1144e+06,0
deserialize,2046,0
mult,2.123e+06,0
deserialize,2336,0
mult,2.12107e+06,0
deserialize,2080,0
mult,2.12548e+06,0
deserialize,1988,0
mult,2.12046e+06,0
deserialize,2115,0
mult,2.12404e+06,0
deserialize,2191,0
mult,2.11657e+06,0
deserialize,2516,0
mult,2.1242e+06,0
deserialize,2049,0
mult,2.11846e+06,0
deserialize,2283,0
mult,2.12297e+06,0
deserialize,2392,0
mult,2.11993e+06,0
deserialize,2020,0
mult,2.12347e+06,0
deserialize,2318,0
mult,2.12596e+06,0
deserialize,2719,0
mult,2.11868e+06,0
deserialize,2139,0
mult,2.12413e+06,0
deserialize,2393,0
mult,2.11789e+06,0
deserialize,2191,0
mult,2.12519e+06,0
deserialize,2316,0
mult,2.11632e+06,0
deserialize,2448,0
mult,2.12794e+06,0
deserialize,2475,0
mult,2.11842e+06,0
deserialize,2175,0
mult,2.12349e+06,0
deserialize,2110,0
mult,2.11628e+06,0
deserialize,2128,0
mult,2.1257e+06,0
deserialize,2374,0
mult,2.1174e+06,0
deserialize,2058,0
mult,2.12709e+06,0
deserialize,2297,0
mult,2.11955e+06,0
deserialize,2797,0
mult,2.1238e+06,0
deserialize,2183,0
mult,2.11984e+06,0
deserialize,2393,0
mult,2.12196e+06,0
deserialize,2287,0
mult,2.12317e+06,0
deserialize,2529,0
mult,2.12248e+06,0
deserialize,2036,0
mult,2.12649e+06,0
deserialize,2798,0
mult,2.11578e+06,0
deserialize,2224,0
mult,2.11995e+06,0
deserialize,2584,0
mult,2.12309e+06,0
deserialize,2143,0
mult,2.12311e+06,0
deserialize,2311,0
mult,2.12232e+06,0
deserialize,2081,0
mult,2.12926e+06,0
deserialize,2100,0
mult,2.12006e+06,0
deserialize,2444,0
mult,2.12356e+06,0
deserialize,2256,0
mult,2.12299e+06,0
deserialize,2471,0
mult,2.12438e+06,0
deserialize,2104,0
mult,2.12437e+06,0
deserialize,2465,0
mult,2.12537e+06,0
deserialize,2010,0
mult,2.12464e+06,0
deserialize,2359,0
mult,2.11647e+06,0
deserialize,2408,0
mult,2.13035e+06,0
deserialize,2218,0
mult,2.11892e+06,0
deserialize,2052,0
mult,2.13128e+06,0
deserialize,2573,0
mult,2.11674e+06,0
deserialize,2189,0
mult,2.12358e+06,0
deserialize,2241,0
mult,2.12038e+06,0
deserialize,2021,0
mult,2.12855e+06,0
deserialize,2285,0
mult,2.11907e+06,0
deserialize,2420,0
mult,2.1268e+06,0
deserialize,2274,0
mult,2.11664e+06,0
deserialize,2100,0
mult,2.12609e+06,0
deserialize,2253,0
mult,2.12038e+06,0
deserialize,2307,0
mult,2.12936e+06,0
deserialize,2427,0
mult,2.12301e+06,0
deserialize,2364,0
mult,2.11734e+06,0
deserialize,2346,0
mult,2.12296e+06,0
deserialize,2459,0
mult,2.12082e+06,0
deserialize,1986,0
mult,2.12876e+06,0
deserialize,2729,0
mult,2.12244e+06,0
deserialize,2008,0
mult,2.1236e+06,0
deserialize,2413,0
mult,2.11752e+06,0
deserialize,2351,0
mult,2.12261e+06,0
deserialize,2228,0
mult,2.12192e+06,0
deserialize,1962,0
mult,2.12891e+06,0
deserialize,2198,0
mult,2.12275e+06,0
deserialize,2137,0
mult,2.12378e+06,0
deserialize,2447,0
mult,2.11575e+06,0
deserialize,2486,0
mult,2.12305e+06,0
deserialize,2202,0
mult,2.123e+06,0
deserialize,2479,0
mult,2.12762e+06,0
deserialize,2148,0
mult,2.1262e+06,0
deserialize,2461,0
mult,2.11593e+06,0
deserialize,2459,0
mult,2.12278e+06,0
deserialize,2420,0
mult,2.11657e+06,0
deserialize,2142,0
mult,2.12776e+06,0
deserialize,2256,0
mult,2.12337e+06,0
deserialize,2293,0
mult,2.12736e+06,0
deserialize,2346,0
mult,2.11575e+06,0
deserialize,2490,0
mult,2.12269e+06,0
deserialize,2092,0
mult,2.11635e+06,0
deserialize,2124,0
mult,2.12636e+06,0
deserialize,2027,0
mult,2.12157e+06,0
deserialize,2271,0
mult,2.1254e+06,0
deserialize,2223,0
mult,2.11708e+06,0
deserialize,2206,0
mult,2.12306e+06,0
deserialize,2539,0
mult,2.12272e+06,0
deserialize,2353,0
mult,2.11952e+06,0
deserialize,2327,0
mult,2.12763e+06,0
deserialize,2268,0
mult,2.11743e+06,0
deserialize,2225,0
mult,2.12234e+06,0
deserialize,2350,0
mult,2.11603e+06,0
deserialize,2104,0
mult,2.12779e+06,0
deserialize,2637,0
mult,2.11893e+06,0
deserialize,1963,0
mult,2.12649e+06,0
deserialize,2267,0
mult,2.11799e+06,0
deserialize,2248,0
mult,2.12479e+06,0
deserialize,2441,0
mult,2.11778e+06,0
deserialize,2088,0
mult,2.12415e+06,0
deserialize,2113,0
mult,2.11644e+06,0
deserialize,2193,0
mult,2.1267e+06,0
deserialize,2117,0
mult,2.12164e+06,0
deserialize,2516,0
mult,2.1193e+06,0
deserialize,2088,0
mult,2.12217e+06,0
deserialize,2518,0
mult,2.11643e+06,0
deserialize,2305,0
mult,2.12212e+06,0
deserialize,2590,0
mult,2.11854e+06,0
deserialize,1953,0
mult,2.12317e+06,0
deserialize,2937,0
mult,2.12194e+06,0
deserialize,2292,0
mult,2.12536e+06,0
deserialize,2393,0
mult,2.11758e+06,0
deserialize,2533,0
mult,2.12118e+06,0
deserialize,2370,0
mult,2.12076e+06,0
deserialize,2225,0
mult,2.12297e+06,0
deserialize,2564,0
mult,2.1242e+06,0
deserialize,2311,0
mult,2.12597e+06,0
deserialize,2362,0
mult,2.11563e+06,0
deserialize,2248,0
mult,2.11725e+06,0
deserialize,2125,0
mult,2.12784e+06,0
deserialize,2324,0
mult,2.1177e+06,0
deserialize,2580,0
mult,2.12845e+06,0
deserialize,2341,0
mult,2.1193e+06,0
deserialize,2165,0
mult,2.12303e+06,0
deserialize,2345,0
mult,2.11686e+06,0
deserialize,2187,0
mult,2.12848e+06,0
deserialize,2432,0
mult,2.11824e+06,0
deserialize,2437,0
mult,2.12897e+06,0
deserialize,2337,0
mult,2.11962e+06,0
deserialize,2204,0
mult,2.12461e+06,0
deserialize,2410,0
mult,2.1126e+06,0
deserialize,2230,0
mult,2.12755e+06,0
deserialize,2148,0
mult,2.11854e+06,0
deserialize,2150,0
mult,2.12783e+06,0
deserialize,2147,0
mult,2.1228e+06,0
deserialize,2402,0
mult,2.11753e+06,0
deserialize,2119,0
mult,2.12185e+06,0
deserialize,2378,0
mult,2.12302e+06,0
deserialize,2067,0
mult,2.12552e+06,0
deserialize,2670,0
mult,2.1221e+06,0
deserialize,2074,0
mult,2.12332e+06,0
deserialize,2586,0
mult,2.1192e+06,0
deserialize,2287,0
mult,2.14052e+06,0
deserialize,2469,0
mult,2.12499e+06,0
deserialize,2225,0
mult,2.12588e+06,0
deserialize,2513,0
mult,2.11857e+06,0
deserialize,2168,0
mult,2.12317e+06,0
deserialize,1999,0
mult,2.12088e+06,0
deserialize,2065,0
mult,2.12593e+06,0
deserialize,2174,0
mult,2.12346e+06,0
deserialize,2450,0
mult,2.12484e+06,0
deserialize,2000,0
mult,2.12544e+06,0
deserialize,2639,0
mult,2.11743e+06,0
deserialize,2673,0
mult,2.12892e+06,0
deserialize,2425,0
mult,2.12157e+06,0
deserialize,2437,0
mult,2.12776e+06,0
deserialize,2462,0
mult,2.11998e+06,0
deserialize,2620,0
mult,2.12391e+06,0
deserialize,2373,0
mult,2.11603e+06,0
deserialize,2654,0
mult,2.12643e+06,0
deserialize,2123,0
mult,2.12239e+06,0
deserialize,2112,0
mult,2.12872e+06,0
deserialize,2457,0
mult,2.11604e+06,0
deserialize,2339,0
mult,2.12142e+06,0
deserialize,2138,0
mult,2.11824e+06,0
deserialize,2235,0
mult,2.12706e+06,0
deserialize,2379,0
mult,2.12987e+06,0
deserialize,2340,0
mult,2.11977e+06,0
deserialize,2132,0
mult,2.12031e+06,0
deserialize,2354,0
mult,2.11549e+06,0
deserialize,2162,0
mult,2.12328e+06,0
deserialize,2375,0
mult,2.12181e+06,0
deserialize,2229,0
mult,2.12308e+06,0
deserialize,2812,0
mult,2.12166e+06,0
deserialize,2401,0
mult,2.12799e+06,0
deserialize,2113,0
mult,2.1218e+06,0
deserialize,2144,0
mult,2.12271e+06,0
deserialize,2080,0
mult,2.11856e+06,0
deserialize,2118,0
mult,2.12369e+06,0
deserialize,2207,0
mult,2.12406e+06,0
deserialize,2100,0
mult,2.12463e+06,0
deserialize,2161,0
mult,2.1231e+06,0
deserialize,2434,0
mult,2.13331e+06,0
deserialize,2190,0
mult,2.11965e+06,0
deserialize,2542,0
mult,2.0646e+06,0
deserialize,2532,0
mult,2.11864e+06,0
deserialize,2938,0
mult,8.93505e+06,0
deserialize,4496,0
mult,7.31126e+07,0
deserialize,5134,0
mult,5.94178e+07,0
deserialize,4397,0
mult,6.5377e+07,0
deserialize,23600,0
mult,2.63174e+07,0
deserialize,5060,0
mult,4.23439e+06,0
deserialize,3283,0
mult,2.03104e+06,0
deserialize,2557,0
mult,2.0409e+06,0
deserialize,2611,0
mult,2.03778e+06,0
deserialize,3327,0
mult,2.03163e+06,0
deserialize,2700,0
mult,2.03739e+06,0
deserialize,2807,0
mult,2.03124e+06,0
deserialize,2407,0
mult,2.03357e+06,0
deserialize,2349,0
mult,2.0318e+06,0
deserialize,2260,0
mult,2.03718e+06,0
deserialize,2594,0
mult,2.03044e+06,0
deserialize,2537,0
mult,2.0358e+06,0
deserialize,2423,0
mult,2.03109e+06,0
deserialize,2607,0
mult,2.03705e+06,0
deserialize,2589,0
mult,2.02935e+06,0
deserialize,2206,0
mult,2.04165e+06,0
deserialize,2376,0
mult,2.03072e+06,0
deserialize,2564,0
mult,2.04063e+06,0
deserialize,2266,0
mult,2.03147e+06,0
deserialize,2400,0
mult,2.03932e+06,0
deserialize,2559,0
mult,2.03057e+06,0
deserialize,2229,0
mult,2.03924e+06,0
deserialize,2444,0
mult,2.03134e+06,0
deserialize,2250,0
mult,2.0401e+06,0
deserialize,2350,0
mult,2.03411e+06,0
deserialize,2330,0
mult,2.03721e+06,0
deserialize,2364,0
mult,2.03159e+06,0
deserialize,2273,0
mult,2.03747e+06,0
deserialize,2217,0
mult,2.03096e+06,0
deserialize,2759,0
mult,2.00242e+06,0
deserialize,2952,0
mult,1.88897e+06,0
deserialize,2546,0
mult,1.93949e+06,0
deserialize,2547,0
mult,1.88823e+06,0
deserialize,2743,0
mult,1.93334e+06,0
deserialize,2561,0
mult,1.88827e+06,0
deserialize,2668,0
mult,1.93533e+06,0
deserialize,2440,0
mult,1.88896e+06,0
deserialize,2569,0
mult,1.93402e+06,0
gemm,2.68813e+09,0
wait_all,1.93905e+09,0
deserialize,6344,0
mult,2.10935e+06,0
deserialize,3063,0
mult,2.04868e+06,0
deserialize,2249,0
mult,2.03307e+06,0
deserialize,2261,0
mult,2.04383e+06,0
deserialize,2356,0
mult,2.03482e+06,0
deserialize,2385,0
mult,2.04052e+06,0
deserialize,2050,0
mult,2.03049e+06,0
deserialize,2129,0
mult,2.04035e+06,0
deserialize,2360,0
mult,2.03237e+06,0
deserialize,1967,0
mult,2.04251e+06,0
deserialize,2238,0
mult,2.03367e+06,0
deserialize,2692,0
mult,2.03968e+06,0
deserialize,2349,0
mult,2.0331e+06,0
deserialize,2297,0
mult,2.04166e+06,0
deserialize,2710,0
mult,2.03419e+06,0
deserialize,2121,0
mult,2.04011e+06,0
deserialize,2073,0
mult,2.03246e+06,0
deserialize,2150,0
mult,2.03839e+06,0
deserialize,2432,0
mult,2.0323e+06,0
deserialize,2339,0
mult,2.0392e+06,0
deserialize,2370,0
mult,2.04185e+06,0
deserialize,2530,0
mult,2.0352e+06,0
deserialize,2286,0
mult,2.04163e+06,0
deserialize,2416,0
mult,2.0323e+06,0
deserialize,1980,0
mult,2.03854e+06,0
deserialize,2378,0
mult,2.03546e+06,0
deserialize,2301,0
mult,2.04175e+06,0
deserialize,2352,0
mult,2.03587e+06,0
deserialize,2076,0
mult,2.03925e+06,0
deserialize,2533,0
mult,2.03239e+06,0
deserialize,2082,0
mult,2.03767e+06,0
deserialize,2376,0
mult,2.03312e+06,0
deserialize,2124,0
mult,2.03796e+06,0
deserialize,2362,0
mult,2.03603e+06,0
deserialize,2235,0
mult,2.03837e+06,0
deserialize,2595,0
mult,2.03254e+06,0
deserialize,2200,0
mult,2.03848e+06,0
deserialize,2458,0
mult,2.03597e+06,0
deserialize,2066,0
mult,2.03912e+06,0
deserialize,2504,0
mult,2.03271e+06,0
deserialize,1970,0
mult,2.0372e+06,0
deserialize,2400,0
mult,2.03205e+06,0
deserialize,2256,0
mult,2.0404e+06,0
deserialize,2306,0
mult,2.03426e+06,0
deserialize,2165,0
mult,2.04264e+06,0
deserialize,2384,0
mult,2.03325e+06,0
deserialize,2234,0
mult,2.03928e+06,0
deserialize,2193,0
mult,2.03253e+06,0
deserialize,2322,0
mult,2.03853e+06,0
deserialize,2100,0
mult,2.03264e+06,0
deserialize,2080,0
mult,2.03953e+06,0
deserialize,2040,0
mult,2.03474e+06,0
deserialize,2252,0
mult,2.03836e+06,0
deserialize,2486,0
mult,2.03232e+06,0
deserialize,2132,0
mult,2.04077e+06,0
deserialize,2470,0
mult,2.0332e+06,0
deserialize,2100,0
mult,2.03776e+06,0
deserialize,2120,0
mult,2.03246e+06,0
deserialize,2017,0
mult,2.03892e+06,0
deserialize,2349,0
mult,2.03182e+06,0
deserialize,2205,0
mult,2.03982e+06,0
deserialize,2290,0
mult,2.03296e+06,0
deserialize,2357,0
mult,2.04146e+06,0
deserialize,2176,0
mult,2.03201e+06,0
deserialize,2212,0
mult,2.03975e+06,0
deserialize,2195,0
mult,2.03437e+06,0
deserialize,2034,0
mult,2.03877e+06,0
deserialize,2102,0
mult,2.03206e+06,0
deserialize,2097,0
mult,2.03768e+06,0
deserialize,2407,0
mult,2.04039e+06,0
deserialize,2242,0
mult,2.03416e+06,0
deserialize,2282,0
mult,2.0402e+06,0
deserialize,2364,0
mult,2.03109e+06,0
deserialize,2350,0
mult,2.03666e+06,0
deserialize,2267,0
mult,2.03519e+06,0
deserialize,2361,0
mult,2.04042e+06,0
deserialize,2530,0
mult,2.03331e+06,0
deserialize,2283,0
mult,2.03833e+06,0
deserialize,2707,0
mult,2.03163e+06,0
deserialize,2093,0
mult,2.03787e+06,0
deserialize,2296,0
mult,2.03404e+06,0
deserialize,2608,0
mult,2.03859e+06,0
deserialize,2461,0
mult,2.03476e+06,0
deserialize,2297,0
mult,2.04192e+06,0
deserialize,2624,0
mult,2.03249e+06,0
deserialize,2530,0
mult,2.0386e+06,0
deserialize,2278,0
mult,2.03416e+06,0
deserialize,2387,0
mult,2.04005e+06,0
deserialize,2304,0
mult,2.03542e+06,0
deserialize,2130,0
mult,2.03956e+06,0
deserialize,2343,0
mult,2.03347e+06,0
deserialize,2173,0
mult,2.03868e+06,0
deserialize,2120,0
mult,2.03374e+06,0
deserialize,2145,0
mult,2.04021e+06,0
deserialize,2354,0
mult,2.03402e+06,0
deserialize,2332,0
mult,2.03871e+06,0
deserialize,2185,0
mult,2.03146e+06,0
deserialize,2113,0
mult,2.03932e+06,0
deserialize,2326,0
mult,2.03302e+06,0
deserialize,2056,0
mult,2.0392e+06,0
deserialize,2393,0
mult,2.03406e+06,0
deserialize,2695,0
mult,2.037e+06,0
deserialize,2136,0
mult,2.03254e+06,0
deserialize,2055,0
mult,2.03867e+06,0
deserialize,2021,0
mult,2.03474e+06,0
deserialize,2416,0
mult,2.04031e+06,0
deserialize,2091,0
mult,2.0325e+06,0
deserialize,2224,0
mult,2.03811e+06,0
deserialize,2530,0
mult,2.03208e+06,0
deserialize,2434,0
mult,2.03869e+06,0
deserialize,2344,0
mult,2.03579e+06,0
deserialize,2192,0
mult,2.03677e+06,0
deserialize,2500,0
mult,2.03232e+06,0
deserialize,2428,0
mult,2.03694e+06,0
deserialize,2359,0
mult,2.03367e+06,0
deserialize,2184,0
mult,2.03966e+06,0
deserialize,2154,0
mult,2.03436e+06,0
deserialize,2062,0
mult,2.03786e+06,0
deserialize,2416,0
mult,2.031e+06,0
deserialize,2007,0
mult,2.03825e+06,0
deserialize,2156,0
mult,2.04034e+06,0
deserialize,2435,0
mult,2.03374e+06,0
deserialize,2403,0
mult,2.0407e+06,0
deserialize,2624,0
mult,2.03152e+06,0
deserialize,2265,0
mult,2.04264e+06,0
deserialize,2780,0
mult,2.0336e+06,0
deserialize,2419,0
mult,2.03972e+06,0
deserialize,2423,0
mult,2.03411e+06,0
deserialize,2024,0
mult,2.03943e+06,0
deserialize,2470,0
mult,2.03213e+06,0
deserialize,2163,0
mult,2.03767e+06,0
deserialize,2437,0
mult,2.03276e+06,0
deserialize,2296,0
mult,2.03913e+06,0
deserialize,2377,0
mult,2.03495e+06,0
deserialize,2182,0
mult,2.03659e+06,0
deserialize,2307,0
mult,2.0318e+06,0
deserialize,2339,0
mult,2.0389e+06,0
deserialize,2673,0
mult,2.03226e+06,0
deserialize,2255,0
mult,2.03947e+06,0
deserialize,2807,0
mult,2.03295e+06,0
deserialize,2102,0
mult,2.03809e+06,0
deserialize,2783,0
mult,2.03125e+06,0
deserialize,2189,0
mult,2.03934e+06,0
deserialize,2370,0
mult,2.03191e+06,0
deserialize,2192,0
mult,2.03719e+06,0
deserialize,2480,0
mult,2.0326e+06,0
deserialize,2084,0
mult,2.03797e+06,0
deserialize,2172,0
mult,2.03136e+06,0
deserialize,2312,0
mult,2.03901e+06,0
deserialize,2357,0
mult,2.03409e+06,0
deserialize,2203,0
mult,2.03784e+06,0
deserialize,2629,0
mult,2.03284e+06,0
deserialize,2337,0
mult,2.03955e+06,0
deserialize,2094,0
mult,2.0318e+06,0
deserialize,2101,0
mult,2.03889e+06,0
deserialize,2061,0
mult,2.0339e+06,0
deserialize,2045,0
mult,2.03793e+06,0
deserialize,2489,0
mult,2.03222e+06,0
deserialize,2301,0
mult,2.03896e+06,0
deserialize,2565,0
mult,2.03255e+06,0
deserialize,2787,0
mult,2.03959e+06,0
deserialize,2464,0
mult,2.03191e+06,0
deserialize,2427,0
mult,2.03632e+06,0
deserialize,2097,0
mult,2.03192e+06,0
deserialize,2027,0
mult,2.03856e+06,0
deserialize,2357,0
mult,2.03304e+06,0
deserialize,2411,0
mult,2.04005e+06,0
deserialize,2097,0
mult,2.03138e+06,0
deserialize,2232,0
mult,2.03713e+06,0
deserialize,2261,0
mult,2.034e+06,0
deserialize,2334,0
mult,2.03806e+06,0
deserialize,2011,0
mult,2.03948e+06,0
deserialize,2420,0
mult,2.03299e+06,0
deserialize,2212,0
mult,2.03893e+06,0
deserialize,2303,0
mult,2.0321e+06,0
deserialize,2337,0
mult,2.03901e+06,0
deserialize,2281,0
mult,2.03179e+06,0
deserialize,2539,0
mult,2.0406e+06,0
deserialize,2337,0
mult,2.03405e+06,0
deserialize,2435,0
mult,2.03886e+06,0
deserialize,2529,0
mult,2.03116e+06,0
deserialize,2156,0
mult,2.04029e+06,0
deserialize,2510,0
mult,2.03363e+06,0
deserialize,2009,0
mult,2.04045e+06,0
deserialize,2436,0
mult,2.03312e+06,0
deserialize,2236,0
mult,2.0382e+06,0
deserialize,2343,0
mult,2.03232e+06,0
deserialize,2253,0
mult,2.0423e+06,0
deserialize,2313,0
mult,2.03433e+06,0
deserialize,2180,0
mult,2.03941e+06,0
deserialize,2268,0
mult,2.03207e+06,0
deserialize,2031,0
mult,2.03948e+06,0
deserialize,2781,0
mult,2.03425e+06,0
deserialize,2019,0
mult,2.04042e+06,0
deserialize,2010,0
mult,2.0323e+06,0
deserialize,2250,0
mult,2.03867e+06,0
deserialize,2404,0
mult,2.03168e+06,0
deserialize,2288,0
mult,2.03838e+06,0
deserialize,2064,0
mult,2.03101e+06,0
deserialize,2263,0
mult,2.03867e+06,0
deserialize,2261,0
mult,2.0326e+06,0
deserialize,2391,0
mult,2.03874e+06,0
deserialize,2143,0
mult,2.03181e+06,0
deserialize,2189,0
mult,2.0409e+06,0
deserialize,2175,0
mult,2.03467e+06,0
deserialize,2344,0
mult,2.04185e+06,0
deserialize,2342,0
mult,2.03481e+06,0
deserialize,2085,0
mult,2.04209e+06,0
deserialize,2396,0
mult,2.03666e+06,0
deserialize,2584,0
mult,2.04357e+06,0
deserialize,2364,0
mult,2.03192e+06,0
deserialize,2319,0
mult,2.04222e+06,0
deserialize,2341,0
mult,2.03418e+06,0
deserialize,2304,0
mult,8.85399e+06,0
deserialize,2500,0
mult,7.38479e+07,0
deserialize,4734,0
mult,5.91596e+07,0
deserialize,4556,0
mult,6.66356e+07,0
deserialize,23393,0
mult,2.54305e+07,0
deserialize,5763,0
mult,4.47155e+06,0
deserialize,4170,0
mult,2.06906e+06,0
deserialize,3439,0
mult,2.06399e+06,0
deserialize,2906,0
mult,2.05555e+06,0
deserialize,3340,0
mult,2.04104e+06,0
deserialize,3473,0
mult,2.05329e+06,0
deserialize,3390,0
mult,2.05377e+06,0
deserialize,2940,0
mult,2.05225e+06,0
deserialize,3163,0
mult,2.04468e+06,0
deserialize,2772,0
mult,2.06362e+06,0
deserialize,3302,0
mult,2.05087e+06,0
deserialize,2307,0
mult,2.05127e+06,0
deserialize,2363,0
mult,2.03875e+06,0
deserialize,2400,0
mult,2.05148e+06,0
deserialize,2673,0
mult,2.05121e+06,0
deserialize,2426,0
mult,2.0506e+06,0
deserialize,2284,0
mult,2.03608e+06,0
deserialize,2486,0
mult,2.05484e+06,0
deserialize,2229,0
mult,2.04882e+06,0
deserialize,2468,0
mult,2.05001e+06,0
deserialize,2253,0
mult,2.04017e+06,0
deserialize,2257,0
mult,2.05372e+06,0
deserialize,2311,0
mult,2.05724e+06,0
deserialize,2217,0
mult,2.05429e+06,0
deserialize,2410,0
mult,2.03808e+06,0
deserialize,2470,0
mult,2.05086e+06,0
deserialize,2559,0
mult,2.05118e+06,0
deserialize,2275,0
mult,2.05308e+06,0
deserialize,2554,0
mult,2.03914e+06,0
deserialize,2213,0
mult,2.05186e+06,0
deserialize,2378,0
mult,2.04688e+06,0
deserialize,2546,0
mult,2.05081e+06,0
deserialize,2173,0
mult,2.03964e+06,0
deserialize,2213,0
mult,2.04892e+06,0
deserialize,2390,0
mult,2.0593e+06,0
deserialize,2607,0
mult,2.04436e+06,0
deserialize,2157,0
mult,2.04451e+06,0
deserialize,2444,0
mult,2.04405e+06,0
gemm,2.65221e+09,0
wait_all,1.89898e+09,0
deserialize,6456,0
mult,2.14174e+06,0
deserialize,2851,0
mult,2.12696e+06,0
deserialize,2417,0
mult,2.04604e+06,0
deserialize,2347,0
mult,2.06014e+06,0
deserialize,2147,0
mult,2.04528e+06,0
deserialize,2332,0
mult,2.08206e+06,0
deserialize,2279,0
mult,2.04683e+06,0
deserialize,2277,0
mult,2.06959e+06,0
deserialize,2170,0
mult,2.04074e+06,0
deserialize,2253,0
mult,2.05834e+06,0
deserialize,2337,0
mult,2.04312e+06,0
deserialize,2441,0
mult,2.12779e+06,0
deserialize,2293,0
mult,2.05815e+06,0
deserialize,2684,0
mult,2.04576e+06,0
deserialize,2401,0
mult,2.0458e+06,0
deserialize,2715,0
mult,2.13322e+06,0
deserialize,2398,0
mult,2.05815e+06,0
deserialize,2378,0
mult,2.04274e+06,0
deserialize,2277,0
mult,2.05457e+06,0
deserialize,2499,0
mult,2.11057e+06,0
deserialize,2474,0
mult,2.05281e+06,0
deserialize,2392,0
mult,2.05908e+06,0
deserialize,2108,0
mult,2.05307e+06,0
deserialize,2723,0
mult,2.07657e+06,0
deserialize,2124,0
mult,2.05227e+06,0
deserialize,2128,0
mult,2.06263e+06,0
deserialize,2101,0
mult,2.04919e+06,0
deserialize,2262,0
mult,2.05834e+06,0
deserialize,2172,0
mult,2.04897e+06,0
deserialize,2200,0
mult,2.11851e+06,0
deserialize,2098,0
mult,2.05912e+06,0
deserialize,2167,0
mult,2.05009e+06,0
deserialize,2347,0
mult,2.04484e+06,0
deserialize,2116,0
mult,2.13901e+06,0
deserialize,2100,0
mult,2.05953e+06,0
deserialize,2304,0
mult,2.04426e+06,0
deserialize,2199,0
mult,2.0537e+06,0
deserialize,2261,0
mult,2.11481e+06,0
deserialize,2151,0
mult,2.05459e+06,0
deserialize,2287,0
mult,2.0623e+06,0
deserialize,2006,0
mult,2.05176e+06,0
deserialize,2068,0
mult,2.08354e+06,0
deserialize,2501,0
mult,2.04749e+06,0
deserialize,2335,0
mult,2.07455e+06,0
deserialize,2393,0
mult,2.0422e+06,0
deserialize,2316,0
mult,2.06398e+06,0
deserialize,2415,0
mult,2.04019e+06,0
deserialize,2106,0
mult,2.12885e+06,0
deserialize,2433,0
mult,2.05451e+06,0
deserialize,2297,0
mult,2.06013e+06,0
deserialize,2419,0
mult,2.04134e+06,0
deserialize,2180,0
mult,2.14181e+06,0
deserialize,2426,0
mult,2.05431e+06,0
deserialize,2299,0
mult,2.05218e+06,0
deserialize,2616,0
mult,2.05288e+06,0
deserialize,2340,0
mult,2.12004e+06,0
deserialize,2142,0
mult,2.05165e+06,0
deserialize,2139,0
mult,2.06048e+06,0
deserialize,2207,0
mult,2.04512e+06,0
deserialize,2313,0
mult,2.08576e+06,0
deserialize,2224,0
mult,2.0531e+06,0
deserialize,2173,0
mult,2.07179e+06,0
deserialize,2185,0
mult,2.03943e+06,0
deserialize,2076,0
mult,2.05963e+06,0
deserialize,2430,0
mult,2.03946e+06,0
deserialize,2193,0
mult,2.13314e+06,0
deserialize,2205,0
mult,2.05856e+06,0
deserialize,2330,0
mult,2.05774e+06,0
deserialize,2140,0
mult,2.04198e+06,0
deserialize,2427,0
mult,2.13381e+06,0
deserialize,1989,0
mult,2.06215e+06,0
deserialize,2503,0
mult,2.05184e+06,0
deserialize,2254,0
mult,2.06415e+06,0
deserialize,2535,0
mult,2.11148e+06,0
deserialize,2057,0
mult,2.05715e+06,0
deserialize,2420,0
mult,2.04946e+06,0
deserialize,2238,0
mult,2.04967e+06,0
deserialize,2664,0
mult,2.08182e+06,0
deserialize,2567,0
mult,2.06496e+06,0
deserialize,2396,0
mult,2.0634e+06,0
deserialize,2114,0
mult,2.04684e+06,0
deserialize,2590,0
mult,2.04965e+06,0
deserialize,2146,0
mult,2.0479e+06,0
deserialize,2191,0
mult,2.12651e+06,0
deserialize,2280,0
mult,2.06703e+06,0
deserialize,2592,0
mult,2.04791e+06,0
deserialize,2441,0
mult,2.04579e+06,0
deserialize,2377,0
mult,2.12705e+06,0
deserialize,2035,0
mult,2.06216e+06,0
deserialize,2277,0
mult,2.04888e+06,0
deserialize,2346,0
mult,2.06182e+06,0
deserialize,2538,0
mult,2.10646e+06,0
deserialize,1973,0
mult,2.05655e+06,0
deserialize,2177,0
mult,2.04848e+06,0
deserialize,2151,0
mult,2.0503e+06,0
deserialize,2290,0
mult,2.07995e+06,0
deserialize,2188,0
mult,2.05905e+06,0
deserialize,2225,0
mult,2.06652e+06,0
deserialize,2603,0
mult,2.04324e+06,0
deserialize,2852,0
mult,2.05761e+06,0
deserialize,2336,0
mult,2.04013e+06,0
deserialize,2103,0
mult,2.12998e+06,0
deserialize,2298,0
mult,2.06311e+06,0
deserialize,2077,0
mult,2.04923e+06,0
deserialize,2694,0
mult,2.04073e+06,0
deserialize,2323,0
mult,2.13394e+06,0
deserialize,2400,0
mult,2.05343e+06,0
deserialize,2225,0
mult,2.0486e+06,0
deserialize,2474,0
mult,2.04981e+06,0
deserialize,2329,0
mult,2.11208e+06,0
deserialize,2492,0
mult,2.04807e+06,0
deserialize,2373,0
mult,2.0584e+06,0
deserialize,2383,0
mult,2.04752e+06,0
deserialize,2702,0
mult,2.07852e+06,0
deserialize,2705,0
mult,2.05717e+06,0
deserialize,2366,0
mult,2.06269e+06,0
deserialize,2482,0
mult,2.04734e+06,0
deserialize,2310,0
mult,2.06091e+06,0
deserialize,2220,0
mult,2.03893e+06,0
deserialize,2381,0
mult,2.12303e+06,0
deserialize,2017,0
mult,2.06095e+06,0
deserialize,2378,0
mult,2.05081e+06,0
deserialize,2279,0
mult,2.04048e+06,0
deserialize,2192,0
mult,2.13487e+06,0
deserialize,2479,0
mult,2.05225e+06,0
deserialize,2690,0
mult,2.04915e+06,0
deserialize,2131,0
mult,2.05633e+06,0
deserialize,2324,0
mult,2.10713e+06,0
deserialize,2131,0
mult,2.05635e+06,0
deserialize,2635,0
mult,2.05336e+06,0
deserialize,2183,0
mult,2.0503e+06,0
deserialize,2357,0
mult,2.07321e+06,0
deserialize,2252,0
mult,2.06147e+06,0
deserialize,2594,0
mult,2.06063e+06,0
deserialize,2316,0
mult,2.0529e+06,0
deserialize,2364,0
mult,2.05482e+06,0
deserialize,2283,0
mult,2.04645e+06,0
deserialize,2401,0
mult,2.11949e+06,0
deserialize,2387,0
mult,2.06364e+06,0
deserialize,2640,0
mult,2.04597e+06,0
deserialize,2078,0
mult,2.04947e+06,0
deserialize,2436,0
mult,2.12961e+06,0
deserialize,2238,0
mult,2.05828e+06,0
deserialize,2287,0
mult,2.04364e+06,0
deserialize,2116,0
mult,2.05427e+06,0
deserialize,2443,0
mult,2.10672e+06,0
deserialize,2114,0
mult,2.05653e+06,0
deserialize,2290,0
mult,2.04857e+06,0
deserialize,2296,0
mult,2.05162e+06,0
deserialize,2180,0
mult,2.07875e+06,0
deserialize,2142,0
mult,2.06369e+06,0
deserialize,2305,0
mult,2.05917e+06,0
deserialize,2153,0
mult,2.05158e+06,0
deserialize,2135,0
mult,2.0477e+06,0
deserialize,2068,0
mult,2.04545e+06,0
deserialize,2096,0
mult,2.13416e+06,0
deserialize,2277,0
mult,2.05541e+06,0
deserialize,2330,0
mult,2.04664e+06,0
deserialize,2345,0
mult,2.03979e+06,0
deserialize,2180,0
mult,2.13106e+06,0
deserialize,2416,0
mult,2.05336e+06,0
deserialize,2401,0
mult,2.05518e+06,0
deserialize,2382,0
mult,2.04829e+06,0
deserialize,2418,0
mult,2.10963e+06,0
deserialize,2615,0
mult,2.04637e+06,0
deserialize,2261,0
mult,2.05541e+06,0
deserialize,2843,0
mult,2.04906e+06,0
deserialize,2215,0
mult,2.09044e+06,0
deserialize,2370,0
mult,2.05536e+06,0
deserialize,2273,0
mult,2.06424e+06,0
deserialize,2169,0
mult,2.04181e+06,0
deserialize,2091,0
mult,2.05445e+06,0
deserialize,2236,0
mult,2.04096e+06,0
deserialize,2245,0
mult,2.1348e+06,0
deserialize,2703,0
mult,2.05549e+06,0
deserialize,2185,0
mult,2.04713e+06,0
deserialize,2142,0
mult,2.03941e+06,0
deserialize,2231,0
mult,2.13336e+06,0
deserialize,2026,0
mult,2.05203e+06,0
deserialize,2182,0
mult,2.05328e+06,0
deserialize,2220,0
mult,2.04735e+06,0
deserialize,2164,0
mult,2.11179e+06,0
deserialize,2549,0
mult,2.04379e+06,0
deserialize,2373,0
mult,2.05484e+06,0
deserialize,2680,0
mult,2.05403e+06,0
deserialize,2329,0
mult,2.08477e+06,0
deserialize,2525,0
mult,2.05928e+06,0
deserialize,2512,0
mult,2.05669e+06,0
deserialize,2075,0
mult,2.04787e+06,0
deserialize,2498,0
mult,2.05198e+06,0
deserialize,2196,0
mult,2.04536e+06,0
deserialize,2701,0
mult,2.12292e+06,0
deserialize,2128,0
mult,2.05957e+06,0
deserialize,2269,0
mult,2.04429e+06,0
deserialize,2018,0
mult,2.04438e+06,0
deserialize,2372,0
mult,2.12872e+06,0
deserialize,2269,0
mult,2.05775e+06,0
deserialize,2331,0
mult,2.0441e+06,0
deserialize,2014,0
mult,2.05482e+06,0
deserialize,2338,0
mult,2.11333e+06,0
deserialize,2220,0
mult,2.05548e+06,0
deserialize,2193,0
mult,2.05681e+06,0
deserialize,2593,0
mult,2.05164e+06,0
deserialize,2247,0
mult,2.08085e+06,0
deserialize,2413,0
mult,2.05685e+06,0
deserialize,2280,0
mult,2.05802e+06,0
deserialize,2304,0
mult,2.05284e+06,0
deserialize,2183,0
mult,2.04763e+06,0
deserialize,2258,0
mult,2.0472e+06,0
deserialize,2227,0
mult,2.11841e+06,0
deserialize,2284,0
mult,2.06152e+06,0
deserialize,2245,0
mult,2.04528e+06,0
deserialize,2640,0
mult,2.04836e+06,0
deserialize,2467,0
mult,8.67526e+06,0
deserialize,2637,0
mult,7.30338e+07,0
deserialize,4330,0
mult,5.92969e+07,0
deserialize,3944,0
mult,6.53766e+07,0
deserialize,21997,0
mult,2.63222e+07,0
deserialize,5011,0
mult,4.31848e+06,0
deserialize,3269,0
mult,2.04371e+06,0
deserialize,2701,0
mult,2.04729e+06,0
deserialize,2313,0
mult,2.03746e+06,0
deserialize,2754,0
mult,2.03638e+06,0
deserialize,3003,0
mult,2.03664e+06,0
deserialize,2379,0
mult,2.04378e+06,0
deserialize,2259,0
mult,2.03566e+06,0
deserialize,2388,0
mult,2.03511e+06,0
deserialize,2209,0
mult,2.03778e+06,0
deserialize,2486,0
mult,2.04061e+06,0
deserialize,2610,0
mult,2.03648e+06,0
deserialize,2620,0
mult,2.03442e+06,0
deserialize,2195,0
mult,2.03806e+06,0
deserialize,2543,0
mult,2.05247e+06,0
deserialize,2287,0
mult,2.03629e+06,0
deserialize,2307,0
mult,2.03557e+06,0
deserialize,2293,0
mult,2.0387e+06,0
deserialize,2447,0
mult,2.04281e+06,0
deserialize,2241,0
mult,2.03885e+06,0
deserialize,2204,0
mult,2.03473e+06,0
deserialize,2271,0
mult,2.03817e+06,0
deserialize,2470,0
mult,2.05299e+06,0
deserialize,2686,0
mult,2.03253e+06,0
deserialize,2360,0
mult,2.04097e+06,0
deserialize,2501,0
mult,2.0319e+06,0
deserialize,2457,0
mult,2.0497e+06,0
deserialize,2471,0
mult,2.03081e+06,0
deserialize,2465,0
mult,2.04105e+06,0
deserialize,2585,0
mult,2.03154e+06,0
deserialize,2267,0
mult,2.04924e+06,0
deserialize,2874,0
mult,2.03091e+06,0
deserialize,2157,0
mult,2.04245e+06,0
deserialize,2633,0
mult,2.02959e+06,0
deserialize,2696,0
mult,2.06553e+06,0
deserialize,2856,0
mult,1.89412e+06,0
deserialize,2697,0
mult,1.94814e+06,0
deserialize,2900,0
mult,1.88809e+06,0
gemm,2.71188e+09,0
wait_all,1.96376e+09,0
deserialize,6101,0
mult,2.12728e+06,0
deserialize,3091,0
mult,2.0581e+06,0
deserialize,2407,0
mult,2.04318e+06,0
deserialize,2400,0
mult,2.03068e+06,0
deserialize,2373,0
mult,2.04146e+06,0
deserialize,2433,0
mult,2.0467e+06,0
deserialize,2323,0
mult,2.04288e+06,0
deserialize,2652,0
mult,2.03028e+06,0
deserialize,2093,0
mult,2.03862e+06,0
deserialize,2396,0
mult,2.03516e+06,0
deserialize,2122,0
mult,2.05016e+06,0
deserialize,2521,0
mult,2.03211e+06,0
deserialize,2217,0
mult,2.04259e+06,0
deserialize,2432,0
mult,2.03328e+06,0
deserialize,2130,0
mult,2.04596e+06,0
deserialize,2420,0
mult,2.03517e+06,0
deserialize,2286,0
mult,2.03728e+06,0
deserialize,2474,0
mult,2.03026e+06,0
deserialize,2099,0
mult,2.04216e+06,0
deserialize,2482,0
mult,2.03909e+06,0
deserialize,2241,0
mult,2.03934e+06,0
deserialize,2705,0
mult,2.03089e+06,0
deserialize,2553,0
mult,2.03969e+06,0
deserialize,2395,0
mult,2.04361e+06,0
deserialize,2298,0
mult,2.04267e+06,0
deserialize,2111,0
mult,2.0317e+06,0
deserialize,2256,0
mult,2.0376e+06,0
deserialize,2020,0
mult,2.03789e+06,0
deserialize,2434,0
mult,2.05096e+06,0
deserialize,2527,0
mult,2.03195e+06,0
deserialize,2375,0
mult,2.03762e+06,0
deserialize,2130,0
mult,2.0339e+06,0
deserialize,2069,0
mult,2.04898e+06,0
deserialize,2500,0
mult,2.03614e+06,0
deserialize,2352,0
mult,2.03708e+06,0
deserialize,2304,0
mult,2.03135e+06,0
deserialize,2280,0
mult,2.03935e+06,0
deserialize,2701,0
mult,2.04011e+06,0
deserialize,2367,0
mult,2.04034e+06,0
deserialize,2452,0
mult,2.03108e+06,0
deserialize,2106,0
mult,2.03888e+06,0
deserialize,2165,0
mult,2.04146e+06,0
deserialize,2453,0
mult,2.04415e+06,0
deserialize,2455,0
mult,2.03088e+06,0
deserialize,2568,0
mult,2.03713e+06,0
deserialize,2300,0
mult,2.03867e+06,0
deserialize,2247,0
mult,2.04914e+06,0
deserialize,2074,0
mult,2.03217e+06,0
deserialize,2395,0
mult,2.03634e+06,0
deserialize,2472,0
mult,2.03768e+06,0
deserialize,2390,0
mult,2.04918e+06,0
deserialize,2491,0
mult,2.04453e+06,0
deserialize,2329,0
mult,2.02986e+06,0
deserialize,2407,0
mult,2.03789e+06,0
deserialize,2620,0
mult,2.03754e+06,0
deserialize,2314,0
mult,2.0494e+06,0
deserialize,2468,0
mult,2.03413e+06,0
deserialize,2487,0
mult,2.03792e+06,0
deserialize,2657,0
mult,2.0324e+06,0
deserialize,2299,0
mult,2.04992e+06,0
deserialize,2405,0
mult,2.03623e+06,0
deserialize,2190,0
mult,2.0408e+06,0
deserialize,2581,0
mult,2.02986e+06,0
deserialize,2280,0
mult,2.04376e+06,0
deserialize,2492,0
mult,2.04311e+06,0
deserialize,2210,0
mult,2.04026e+06,0
deserialize,2506,0
mult,2.02991e+06,0
deserialize,2395,0
mult,2.03943e+06,0
deserialize,2967,0
mult,2.04683e+06,0
deserialize,2477,0
mult,2.04385e+06,0
deserialize,2109,0
mult,2.02961e+06,0
deserialize,2386,0
mult,2.03911e+06,0
deserialize,2624,0
mult,2.03856e+06,0
deserialize,2258,0
mult,2.05108e+06,0
deserialize,2152,0
mult,2.03459e+06,0
deserialize,2440,0
mult,2.03703e+06,0
deserialize,2187,0
mult,2.03146e+06,0
deserialize,2367,0
mult,2.05134e+06,0
deserialize,2404,0
mult,2.03491e+06,0
deserialize,2460,0
mult,2.03735e+06,0
deserialize,2246,0
mult,2.03012e+06,0
deserialize,2249,0
mult,2.04115e+06,0
deserialize,2526,0
mult,2.0463e+06,0
deserialize,2181,0
mult,2.03784e+06,0
deserialize,2566,0
mult,2.0315e+06,0
deserialize,2503,0
mult,2.03949e+06,0
deserialize,2175,0
mult,2.04312e+06,0
deserialize,2274,0
mult,2.04244e+06,0
deserialize,2118,0
mult,2.03036e+06,0
deserialize,2324,0
mult,2.03886e+06,0
deserialize,2170,0
mult,2.03892e+06,0
deserialize,2484,0
mult,2.04895e+06,0
deserialize,2030,0
mult,2.03259e+06,0
deserialize,2085,0
mult,2.03884e+06,0
deserialize,2531,0
mult,2.03324e+06,0
deserialize,2354,0
mult,2.05346e+06,0
deserialize,2254,0
mult,2.03967e+06,0
deserialize,2426,0
mult,2.03182e+06,0
deserialize,2582,0
mult,2.03847e+06,0
deserialize,2466,0
mult,2.03526e+06,0
deserialize,2180,0
mult,2.05346e+06,0
deserialize,2411,0
mult,2.03562e+06,0
deserialize,2092,0
mult,2.03688e+06,0
deserialize,2423,0
mult,2.03313e+06,0
deserialize,2298,0
mult,2.04604e+06,0
deserialize,2620,0
mult,2.03643e+06,0
deserialize,2245,0
mult,2.03628e+06,0
deserialize,2610,0
mult,2.03148e+06,0
deserialize,2352,0
mult,2.0414e+06,0
deserialize,2637,0
mult,2.04024e+06,0
deserialize,2243,0
mult,2.03869e+06,0
deserialize,2714,0
mult,2.02988e+06,0
deserialize,2087,0
mult,2.04007e+06,0
deserialize,2368,0
mult,2.04881e+06,0
deserialize,2519,0
mult,2.04012e+06,0
deserialize,2452,0
mult,2.03138e+06,0
deserialize,2428,0
mult,2.03847e+06,0
deserialize,2224,0
mult,2.03489e+06,0
deserialize,2166,0
mult,2.05151e+06,0
deserialize,2224,0
mult,2.0351e+06,0
deserialize,2116,0
mult,2.0373e+06,0
deserialize,2881,0
mult,2.03147e+06,0
deserialize,2425,0
mult,2.04789e+06,0
deserialize,2295,0
mult,2.03814e+06,0
deserialize,2216,0
mult,2.03912e+06,0
deserialize,2557,0
mult,2.03187e+06,0
deserialize,2296,0
mult,2.04196e+06,0
deserialize,2122,0
mult,2.03919e+06,0
deserialize,1947,0
mult,2.0381e+06,0
deserialize,2573,0
mult,2.03052e+06,0
deserialize,2186,0
mult,2.03861e+06,0
deserialize,2238,0
mult,2.04469e+06,0
deserialize,2191,0
mult,2.03994e+06,0
deserialize,2333,0
mult,2.03045e+06,0
deserialize,2241,0
mult,2.03782e+06,0
deserialize,2280,0
mult,2.03347e+06,0
deserialize,2170,0
mult,2.04887e+06,0
deserialize,2291,0
mult,2.0337e+06,0
deserialize,2301,0
mult,2.03503e+06,0
deserialize,2399,0
mult,2.03295e+06,0
deserialize,2093,0
mult,2.04802e+06,0
deserialize,2363,0
mult,2.03572e+06,0
deserialize,2089,0
mult,2.03668e+06,0
deserialize,2214,0
mult,2.0357e+06,0
deserialize,2677,0
mult,2.034e+06,0
deserialize,2100,0
mult,2.04547e+06,0
deserialize,2576,0
mult,2.03329e+06,0
deserialize,2239,0
mult,2.03607e+06,0
deserialize,2603,0
mult,2.03174e+06,0
deserialize,2340,0
mult,2.05334e+06,0
deserialize,2417,0
mult,2.03476e+06,0
deserialize,2153,0
mult,2.03508e+06,0
deserialize,2712,0
mult,2.03409e+06,0
deserialize,2093,0
mult,2.04113e+06,0
deserialize,2650,0
mult,2.04281e+06,0
deserialize,2094,0
mult,2.04082e+06,0
deserialize,2723,0
mult,2.03185e+06,0
deserialize,2627,0
mult,2.03801e+06,0
deserialize,2428,0
mult,2.04255e+06,0
deserialize,2336,0
mult,2.04125e+06,0
deserialize,2373,0
mult,2.0317e+06,0
deserialize,2417,0
mult,2.03836e+06,0
deserialize,2390,0
mult,2.03514e+06,0
deserialize,2509,0
mult,2.04769e+06,0
deserialize,2540,0
mult,2.03227e+06,0
deserialize,2107,0
mult,2.03592e+06,0
deserialize,2680,0
mult,2.03247e+06,0
deserialize,2572,0
mult,2.05636e+06,0
deserialize,2415,0
mult,2.03931e+06,0
deserialize,2239,0
mult,2.03724e+06,0
deserialize,2287,0
mult,2.03195e+06,0
deserialize,2045,0
mult,2.04149e+06,0
deserialize,2152,0
mult,2.04606e+06,0
deserialize,2356,0
mult,2.04081e+06,0
deserialize,2149,0
mult,2.03177e+06,0
deserialize,2163,0
mult,2.04543e+06,0
deserialize,2332,0
mult,2.04133e+06,0
deserialize,2400,0
mult,2.04046e+06,0
deserialize,2118,0
mult,2.02976e+06,0
deserialize,2404,0
mult,2.03773e+06,0
deserialize,2457,0
mult,2.03395e+06,0
deserialize,2272,0
mult,2.04526e+06,0
deserialize,2310,0
mult,2.03316e+06,0
deserialize,2064,0
mult,2.0345e+06,0
deserialize,2178,0
mult,2.03412e+06,0
deserialize,2109,0
mult,2.05343e+06,0
deserialize,2236,0
mult,2.03735e+06,0
deserialize,2444,0
mult,2.03964e+06,0
deserialize,2467,0
mult,2.03187e+06,0
deserialize,2409,0
mult,2.04233e+06,0
deserialize,2140,0
mult,2.0558e+06,0
deserialize,2433,0
mult,2.03361e+06,0
deserialize,2320,0
mult,2.03722e+06,0
deserialize,2384,0
mult,2.03262e+06,0
deserialize,2034,0
mult,2.04531e+06,0
deserialize,2592,0
mult,2.03491e+06,0
deserialize,2208,0
mult,2.03533e+06,0
deserialize,2715,0
mult,2.03066e+06,0
deserialize,2094,0
mult,2.04085e+06,0
deserialize,2366,0
mult,2.04457e+06,0
deserialize,2254,0
mult,2.03878e+06,0
deserialize,2453,0
mult,2.03256e+06,0
deserialize,2295,0
mult,2.03768e+06,0
deserialize,2546,0
mult,2.044e+06,0
deserialize,2250,0
mult,2.04139e+06,0
deserialize,2753,0
mult,2.03169e+06,0
deserialize,3031,0
mult,2.04005e+06,0
deserialize,2553,0
mult,2.03741e+06,0
deserialize,2160,0
mult,2.04525e+06,0
deserialize,3023,0
mult,2.03389e+06,0
deserialize,2375,0
mult,2.03768e+06,0
deserialize,2734,0
mult,2.03398e+06,0
deserialize,2475,0
mult,2.05274e+06,0
deserialize,2612,0
mult,8.86273e+06,0
deserialize,3043,0
mult,7.33817e+07,0
deserialize,5063,0
mult,5.90738e+07,0
deserialize,4322,0
mult,6.51984e+07,0
deserialize,22986,0
mult,2.60935e+07,0
deserialize,5920,0
mult,4.44215e+06,0
deserialize,3831,0
mult,2.05353e+06,0
deserialize,2820,0
mult,2.04869e+06,0
deserialize,2524,0
mult,2.0649e+06,0
deserialize,2837,0
mult,2.03967e+06,0
deserialize,2682,0
mult,2.04318e+06,0
deserialize,3038,0
mult,2.04499e+06,0
deserialize,2428,0
mult,2.0562e+06,0
deserialize,2658,0
mult,2.03998e+06,0
deserialize,2420,0
mult,2.04167e+06,0
deserialize,2777,0
mult,2.04136e+06,0
deserialize,2413,0
mult,2.0516e+06,0
deserialize,3152,0
mult,2.03787e+06,0
deserialize,2282,0
mult,2.03952e+06,0
deserialize,2765,0
mult,2.04909e+06,0
deserialize,2848,0
mult,2.05474e+06,0
deserialize,2487,0
mult,2.03725e+06,0
deserialize,2308,0
mult,2.04297e+06,0
deserialize,2260,0
mult,2.04408e+06,0
deserialize,2250,0
mult,2.04994e+06,0
deserialize,2415,0
mult,2.0402e+06,0
deserialize,2377,0
mult,2.04409e+06,0
deserialize,2468,0
mult,2.03989e+06,0
deserialize,2487,0
mult,2.05158e+06,0
deserialize,2289,0
mult,2.03901e+06,0
deserialize,2217,0
mult,2.04036e+06,0
deserialize,2396,0
mult,2.04893e+06,0
deserialize,2497,0
mult,2.05067e+06,0
deserialize,2530,0
mult,2.03331e+06,0
deserialize,2282,0
mult,2.04388e+06,0
deserialize,2395,0
mult,2.04478e+06,0
deserialize,2647,0
mult,2.04836e+06,0
deserialize,2209,0
mult,2.03826e+06,0
deserialize,2500,0
mult,2.04144e+06,0
deserialize,2453,0
mult,2.0422e+06,0
deserialize,2577,0
mult,2.05638e+06,0
deserialize,2235,0
mult,2.0393e+06,0
deserialize,2487,0
mult,2.03834e+06,0
gemm,2.71262e+09,0
wait_all,1.9413e+09,0
deserialize,7525,0
mult,2.21008e+06,0
deserialize,2870,0
mult,2.14959e+06,0
deserialize,2463,0
mult,2.13465e+06,0
deserialize,2644,0
mult,2.1645e+06,0
deserialize,2594,0
mult,2.1419e+06,0
deserialize,2707,0
mult,2.1391e+06,0
deserialize,2369,0
mult,2.12741e+06,0
deserialize,2212,0
mult,2.15439e+06,0
deserialize,2100,0
mult,2.14104e+06,0
deserialize,2313,0
mult,2.15447e+06,0
deserialize,2660,0
mult,2.14392e+06,0
deserialize,2448,0
mult,2.13881e+06,0
deserialize,2323,0
mult,2.14099e+06,0
deserialize,2479,0
mult,2.1484e+06,0
deserialize,2376,0
mult,2.14658e+06,0
deserialize,2743,0
mult,2.13717e+06,0
deserialize,2257,0
mult,2.13953e+06,0
deserialize,2375,0
mult,2.1435e+06,0
deserialize,2063,0
mult,2.14309e+06,0
deserialize,2420,0
mult,2.12988e+06,0
deserialize,2169,0
mult,2.14024e+06,0
deserialize,2169,0
mult,2.15657e+06,0
deserialize,2367,0
mult,2.14303e+06,0
deserialize,2081,0
mult,2.1285e+06,0
deserialize,2214,0
mult,2.13504e+06,0
deserialize,2185,0
mult,2.15798e+06,0
deserialize,2461,0
mult,2.14031e+06,0
deserialize,2394,0
mult,2.15568e+06,0
deserialize,2477,0
mult,2.13483e+06,0
deserialize,2295,0
mult,2.14654e+06,0
deserialize,2496,0
mult,2.13532e+06,0
deserialize,2225,0
mult,2.15718e+06,0
deserialize,2413,0
mult,2.13779e+06,0
deserialize,2115,0
mult,2.14187e+06,0
deserialize,2151,0
mult,2.13152e+06,0
deserialize,2286,0
mult,2.15653e+06,0
deserialize,2206,0
mult,2.13534e+06,0
deserialize,2195,0
mult,2.13581e+06,0
deserialize,2560,0
mult,2.13545e+06,0
deserialize,2454,0
mult,2.1502e+06,0
deserialize,2099,0
mult,2.13974e+06,0
deserialize,2431,0
mult,2.1319e+06,0
deserialize,2640,0
mult,2.14056e+06,0
deserialize,2720,0
mult,2.15023e+06,0
deserialize,2106,0
mult,2.143e+06,0
deserialize,2230,0
mult,2.14094e+06,0
deserialize,2517,0
mult,2.1392e+06,0
deserialize,2366,0
mult,2.15001e+06,0
deserialize,2366,0
mult,2.14441e+06,0
deserialize,2545,0
mult,2.14855e+06,0
deserialize,2184,0
mult,2.14096e+06,0
deserialize,2283,0
mult,2.1409e+06,0
deserialize,2810,0
mult,2.1345e+06,0
deserialize,2330,0
mult,2.17001e+06,0
deserialize,2758,0
mult,2.13978e+06,0
deserialize,2451,0
mult,2.13544e+06,0
deserialize,2804,0
mult,2.12858e+06,0
deserialize,2117,0
mult,2.16167e+06,0
deserialize,2431,0
mult,2.13787e+06,0
deserialize,2296,0
mult,2.14117e+06,0
deserialize,2284,0
mult,2.13385e+06,0
deserialize,2400,0
mult,2.15472e+06,0
deserialize,2091,0
mult,2.1324e+06,0
deserialize,2434,0
mult,2.15218e+06,0
deserialize,2571,0
mult,2.13399e+06,0
deserialize,2261,0
mult,2.16082e+06,0
deserialize,2150,0
mult,2.14247e+06,0
deserialize,2489,0
mult,2.14497e+06,0
deserialize,2337,0
mult,2.14201e+06,0
deserialize,2398,0
mult,2.13746e+06,0
deserialize,2060,0
mult,2.14318e+06,0
deserialize,2613,0
mult,2.16187e+06,0
deserialize,2353,0
mult,2.14049e+06,0
deserialize,2295,0
mult,2.12907e+06,0
deserialize,2237,0
mult,2.13968e+06,0
deserialize,2399,0
mult,2.15335e+06,0
deserialize,2251,0
mult,2.14317e+06,0
deserialize,2206,0
mult,2.1336e+06,0
deserialize,2478,0
mult,2.1362e+06,0
deserialize,2312,0
mult,2.15399e+06,0
deserialize,2836,0
mult,2.13669e+06,0
deserialize,2495,0
mult,2.15098e+06,0
deserialize,2989,0
mult,2.13575e+06,0
deserialize,2611,0
mult,2.14928e+06,0
deserialize,2758,0
mult,2.13187e+06,0
deserialize,2369,0
mult,2.15208e+06,0
deserialize,2156,0
mult,2.14204e+06,0
deserialize,2216,0
mult,2.14307e+06,0
deserialize,2516,0
mult,2.13298e+06,0
deserialize,2405,0
mult,2.15531e+06,0
deserialize,2163,0
mult,2.13316e+06,0
deserialize,2332,0
mult,2.1388e+06,0
deserialize,2288,0
mult,2.14334e+06,0
deserialize,2390,0
mult,2.15287e+06,0
deserialize,2173,0
mult,2.13944e+06,0
deserialize,2561,0
mult,2.12795e+06,0
deserialize,2308,0
mult,2.13618e+06,0
deserialize,2501,0
mult,2.15392e+06,0
deserialize,2361,0
mult,2.14514e+06,0
deserialize,2410,0
mult,2.14364e+06,0
deserialize,2567,0
mult,2.13791e+06,0
deserialize,2351,0
mult,2.14167e+06,0
deserialize,2216,0
mult,2.13781e+06,0
deserialize,2170,0
mult,2.15638e+06,0
deserialize,2634,0
mult,2.14909e+06,0
deserialize,2419,0
mult,2.13195e+06,0
deserialize,2070,0
mult,2.13312e+06,0
deserialize,2370,0
mult,2.15741e+06,0
deserialize,2540,0
mult,2.13463e+06,0
deserialize,2270,0
mult,2.14002e+06,0
deserialize,2649,0
mult,2.13565e+06,0
deserialize,2367,0
mult,2.15724e+06,0
deserialize,2460,0
mult,2.13189e+06,0
deserialize,2293,0
mult,2.1347e+06,0
deserialize,2620,0
mult,2.13111e+06,0
deserialize,2395,0
mult,2.16256e+06,0
deserialize,2411,0
mult,2.13958e+06,0
deserialize,2304,0
mult,2.14584e+06,0
deserialize,2574,0
mult,2.13226e+06,0
deserialize,2164,0
mult,2.15448e+06,0
deserialize,2398,0
mult,2.14242e+06,0
deserialize,2463,0
mult,2.15661e+06,0
deserialize,2005,0
mult,2.14553e+06,0
deserialize,2566,0
mult,2.13373e+06,0
deserialize,2455,0
mult,2.13809e+06,0
deserialize,2680,0
mult,2.15538e+06,0
deserialize,2370,0
mult,2.14415e+06,0
deserialize,2663,0
mult,2.12775e+06,0
deserialize,2092,0
mult,2.13952e+06,0
deserialize,2125,0
mult,2.15088e+06,0
deserialize,2397,0
mult,2.14228e+06,0
deserialize,2089,0
mult,2.12962e+06,0
deserialize,2141,0
mult,2.13688e+06,0
deserialize,2369,0
mult,2.15592e+06,0
deserialize,2580,0
mult,2.13589e+06,0
deserialize,2354,0
mult,2.14562e+06,0
deserialize,2699,0
mult,2.13648e+06,0
deserialize,2210,0
mult,2.15756e+06,0
deserialize,2824,0
mult,2.13463e+06,0
deserialize,2269,0
mult,2.14817e+06,0
deserialize,2468,0
mult,2.13843e+06,0
deserialize,2194,0
mult,2.13892e+06,0
deserialize,2314,0
mult,2.13741e+06,0
deserialize,2295,0
mult,2.16555e+06,0
deserialize,2460,0
mult,2.13654e+06,0
deserialize,2214,0
mult,2.13173e+06,0
deserialize,2343,0
mult,2.13509e+06,0
deserialize,2386,0
mult,2.16248e+06,0
deserialize,2503,0
mult,2.148e+06,0
deserialize,2467,0
mult,2.13115e+06,0
deserialize,2495,0
mult,2.13636e+06,0
deserialize,2521,0
mult,2.14591e+06,0
deserialize,2137,0
mult,2.14861e+06,0
deserialize,2597,0
mult,2.14351e+06,0
deserialize,2257,0
mult,2.14516e+06,0
deserialize,2151,0
mult,2.15173e+06,0
deserialize,2300,0
mult,2.1418e+06,0
deserialize,2234,0
mult,2.13797e+06,0
deserialize,2093,0
mult,2.148e+06,0
deserialize,2517,0
mult,2.13467e+06,0
deserialize,2427,0
mult,2.14299e+06,0
deserialize,2630,0
mult,2.15915e+06,0
deserialize,2489,0
mult,2.13807e+06,0
deserialize,2233,0
mult,2.13517e+06,0
deserialize,2682,0
mult,2.13777e+06,0
deserialize,2212,0
mult,2.16207e+06,0
deserialize,2518,0
mult,2.1414e+06,0
deserialize,2231,0
mult,2.13601e+06,0
deserialize,2327,0
mult,2.13155e+06,0
deserialize,2417,0
mult,2.1553e+06,0
deserialize,2112,0
mult,2.14295e+06,0
deserialize,2170,0
mult,2.14954e+06,0
deserialize,2481,0
mult,2.13733e+06,0
deserialize,2394,0
mult,2.14753e+06,0
deserialize,2251,0
mult,2.14278e+06,0
deserialize,2519,0
mult,2.14562e+06,0
deserialize,2426,0
mult,2.14877e+06,0
deserialize,2694,0
mult,2.13389e+06,0
deserialize,2454,0
mult,2.13728e+06,0
deserialize,2573,0
mult,2.14517e+06,0
deserialize,2635,0
mult,2.14861e+06,0
deserialize,2561,0
mult,2.13601e+06,0
deserialize,2137,0
mult,2.14169e+06,0
deserialize,2097,0
mult,2.15102e+06,0
deserialize,2443,0
mult,2.14166e+06,0
deserialize,2201,0
mult,2.12841e+06,0
deserialize,2386,0
mult,2.14044e+06,0
deserialize,2423,0
mult,2.16116e+06,0
deserialize,2748,0
mult,2.14091e+06,0
deserialize,2384,0
mult,2.1455e+06,0
deserialize,2653,0
mult,2.13156e+06,0
deserialize,2274,0
mult,2.14781e+06,0
deserialize,2415,0
mult,2.14022e+06,0
deserialize,2510,0
mult,2.15956e+06,0
deserialize,2507,0
mult,2.13872e+06,0
deserialize,2387,0
mult,2.13399e+06,0
deserialize,2251,0
mult,2.13012e+06,0
deserialize,2092,0
mult,2.15324e+06,0
deserialize,2066,0
mult,2.14169e+06,0
deserialize,2435,0
mult,2.13591e+06,0
deserialize,2907,0
mult,2.13468e+06,0
deserialize,2261,0
mult,2.16574e+06,0
deserialize,2245,0
mult,2.14639e+06,0
deserialize,2562,0
mult,2.13467e+06,0
deserialize,2633,0
mult,2.13984e+06,0
deserialize,2461,0
mult,2.1538e+06,0
deserialize,2438,0
mult,2.14709e+06,0
deserialize,2506,0
mult,2.14063e+06,0
deserialize,2149,0
mult,2.14477e+06,0
deserialize,2441,0
mult,2.1477e+06,0
deserialize,2607,0
mult,2.13866e+06,0
deserialize,2301,0
mult,2.14745e+06,0
deserialize,2514,0
mult,2.14347e+06,0
deserialize,2474,0
mult,8.88235e+06,0
deserialize,19587,0
mult,7.3043e+07,0
deserialize,4655,0
mult,5.92355e+07,0
deserialize,4155,0
mult,6.53455e+07,0
deserialize,22111,0
mult,2.63727e+07,0
deserialize,5256,0
mult,4.3625e+06,0
deserialize,3677,0
mult,2.06689e+06,0
deserialize,2774,0
mult,2.06888e+06,0
deserialize,2538,0
mult,2.07794e+06,0
deserialize,2414,0
mult,2.10465e+06,0
deserialize,2587,0
mult,2.09077e+06,0
deserialize,2441,0
mult,2.07543e+06,0
deserialize,2400,0
mult,2.07277e+06,0
deserialize,2675,0
mult,2.0831e+06,0
deserialize,2274,0
mult,2.0637e+06,0
deserialize,2589,0
mult,2.06049e+06,0
deserialize,2500,0
mult,2.07626e+06,0
deserialize,2305,0
mult,2.09252e+06,0
deserialize,2640,0
mult,2.06941e+06,0
deserialize,2696,0
mult,2.07364e+06,0
deserialize,2550,0
mult,2.0605e+06,0
deserialize,2379,0
mult,2.09557e+06,0
deserialize,2880,0
mult,2.07301e+06,0
deserialize,2191,0
mult,2.07731e+06,0
deserialize,2747,0
mult,2.06072e+06,0
deserialize,2135,0
mult,2.08982e+06,0
deserialize,2616,0
mult,2.06083e+06,0
deserialize,2428,0
mult,2.07502e+06,0
deserialize,2840,0
mult,2.07291e+06,0
deserialize,2334,0
mult,2.09615e+06,0
deserialize,2213,0
mult,2.05916e+06,0
deserialize,2364,0
mult,2.07114e+06,0
deserialize,2430,0
mult,2.0619e+06,0
deserialize,2298,0
mult,2.09032e+06,0
deserialize,2304,0
mult,2.06988e+06,0
deserialize,2440,0
mult,2.0755e+06,0
deserialize,2442,0
mult,2.05804e+06,0
deserialize,2116,0
mult,2.08469e+06,0
deserialize,2410,0
mult,2.06164e+06,0
deserialize,2479,0
mult,2.07502e+06,0
deserialize,2998,0
mult,2.05645e+06,0
deserialize,2625,0
mult,1.99018e+06,0
deserialize,2743,0
mult,1.91379e+06,0
gemm,2.70458e+09,0
wait_all,1.95083e+09,0
deserialize,6724,0
mult,2.12046e+06,0
deserialize,3291,0
mult,2.05861e+06,0
deserialize,2568,0
mult,2.05594e+06,0
deserialize,2190,0
mult,2.05244e+06,0
deserialize,2369,0
mult,2.05038e+06,0
deserialize,2263,0
mult,2.04905e+06,0
deserialize,2564,0
mult,2.04783e+06,0
deserialize,2390,0
mult,2.05907e+06,0
deserialize,2212,0
mult,2.04494e+06,0
deserialize,2490,0
mult,2.05186e+06,0
deserialize,2607,0
mult,2.05092e+06,0
deserialize,2489,0
mult,2.05041e+06,0
deserialize,2702,0
mult,2.05001e+06,0
deserialize,2159,0
mult,2.04915e+06,0
deserialize,2389,0
mult,2.06169e+06,0
deserialize,2062,0
mult,2.05703e+06,0
deserialize,2268,0
mult,2.04398e+06,0
deserialize,2683,0
mult,2.05082e+06,0
deserialize,2291,0
mult,2.05588e+06,0
deserialize,2524,0
mult,2.04822e+06,0
deserialize,2476,0
mult,2.05433e+06,0
deserialize,2653,0
mult,2.04074e+06,0
deserialize,2323,0
mult,2.06253e+06,0
deserialize,2425,0
mult,2.04254e+06,0
deserialize,2375,0
mult,2.05635e+06,0
deserialize,2698,0
mult,2.04337e+06,0
deserialize,2390,0
mult,2.05566e+06,0
deserialize,2626,0
mult,2.05308e+06,0
deserialize,2283,0
mult,2.05142e+06,0
deserialize,2406,0
mult,2.04184e+06,0
deserialize,2380,0
mult,2.05778e+06,0
deserialize,2397,0
mult,2.04599e+06,0
deserialize,2358,0
mult,2.06278e+06,0
deserialize,2332,0
mult,2.04066e+06,0
deserialize,2152,0
mult,2.06004e+06,0
deserialize,2726,0
mult,2.0479e+06,0
deserialize,2485,0
mult,2.05137e+06,0
deserialize,2600,0
mult,2.05029e+06,0
deserialize,2173,0
mult,2.05331e+06,0
deserialize,2413,0
mult,2.04844e+06,0
deserialize,2220,0
mult,2.04773e+06,0
deserialize,2217,0
mult,2.03933e+06,0
deserialize,2473,0
mult,2.07202e+06,0
deserialize,2186,0
mult,2.04586e+06,0
deserialize,2527,0
mult,2.05677e+06,0
deserialize,2175,0
mult,2.04524e+06,0
deserialize,2342,0
mult,2.05641e+06,0
deserialize,2405,0
mult,2.05733e+06,0
deserialize,2400,0
mult,2.04891e+06,0
deserialize,2196,0
mult,2.04842e+06,0
deserialize,2257,0
mult,2.05106e+06,0
deserialize,2430,0
mult,2.0449e+06,0
deserialize,2267,0
mult,2.05219e+06,0
deserialize,2366,0
mult,2.04037e+06,0
deserialize,2434,0
mult,2.07068e+06,0
deserialize,2368,0
mult,2.05423e+06,0
deserialize,2428,0
mult,2.04141e+06,0
deserialize,2583,0
mult,2.05703e+06,0
deserialize,2486,0
mult,2.05102e+06,0
deserialize,2536,0
mult,2.06468e+06,0
deserialize,2500,0
mult,2.04409e+06,0
deserialize,2172,0
mult,2.04782e+06,0
deserialize,2707,0
mult,2.0509e+06,0
deserialize,2226,0
mult,2.05455e+06,0
deserialize,2560,0
mult,2.04643e+06,0
deserialize,2542,0
mult,2.04858e+06,0
deserialize,2365,0
mult,2.05109e+06,0
deserialize,2382,0
mult,2.05736e+06,0
deserialize,2509,0
mult,2.03972e+06,0
deserialize,2690,0
mult,2.05176e+06,0
deserialize,2422,0
mult,2.05218e+06,0
deserialize,2156,0
mult,2.0704e+06,0
deserialize,2644,0
mult,2.04852e+06,0
deserialize,2371,0
mult,2.04599e+06,0
deserialize,2413,0
mult,2.04967e+06,0
deserialize,2146,0
mult,2.05473e+06,0
deserialize,2240,0
mult,2.04034e+06,0
deserialize,2525,0
mult,2.05238e+06,0
deserialize,2330,0
mult,2.04466e+06,0
deserialize,2353,0
mult,2.05253e+06,0
deserialize,2548,0
mult,2.04052e+06,0
deserialize,2450,0
mult,2.0474e+06,0
deserialize,2220,0
mult,2.05573e+06,0
deserialize,2133,0
mult,2.05269e+06,0
deserialize,2530,0
mult,2.04767e+06,0
deserialize,2636,0
mult,2.04722e+06,0
deserialize,2329,0
mult,2.04795e+06,0
deserialize,2557,0
mult,2.06063e+06,0
deserialize,2318,0
mult,2.0406e+06,0
deserialize,2277,0
mult,2.05016e+06,0
deserialize,2450,0
mult,2.04598e+06,0
deserialize,2225,0
mult,2.04936e+06,0
deserialize,2452,0
mult,2.05483e+06,0
deserialize,2648,0
mult,2.04093e+06,0
deserialize,2278,0
mult,2.05747e+06,0
deserialize,2851,0
mult,2.04728e+06,0
deserialize,2364,0
mult,2.04474e+06,0
deserialize,2400,0
mult,2.0489e+06,0
deserialize,2360,0
mult,2.05458e+06,0
deserialize,2536,0
mult,2.05234e+06,0
deserialize,2257,0
mult,2.04522e+06,0
deserialize,2363,0
mult,2.04094e+06,0
deserialize,2366,0
mult,2.05782e+06,0
deserialize,2576,0
mult,2.04308e+06,0
deserialize,2440,0
mult,2.05192e+06,0
deserialize,2833,0
mult,2.04341e+06,0
deserialize,2224,0
mult,2.05058e+06,0
deserialize,2928,0
mult,2.05208e+06,0
deserialize,2450,0
mult,2.04352e+06,0
deserialize,2539,0
mult,2.05149e+06,0
deserialize,2670,0
mult,2.0561e+06,0
deserialize,2497,0
mult,2.04593e+06,0
deserialize,2644,0
mult,2.04834e+06,0
deserialize,2384,0
mult,2.04039e+06,0
deserialize,2668,0
mult,2.05982e+06,0
deserialize,2449,0
mult,2.04722e+06,0
deserialize,2272,0
mult,2.04721e+06,0
deserialize,2055,0
mult,2.04792e+06,0
deserialize,2300,0
mult,2.05028e+06,0
deserialize,2164,0
mult,2.05398e+06,0
deserialize,2337,0
mult,2.04795e+06,0
deserialize,2220,0
mult,2.04324e+06,0
deserialize,2290,0
mult,2.06172e+06,0
deserialize,2234,0
mult,2.04475e+06,0
deserialize,2433,0
mult,2.04772e+06,0
deserialize,2851,0
mult,2.04051e+06,0
deserialize,2276,0
mult,2.05782e+06,0
deserialize,2243,0
mult,2.0526e+06,0
deserialize,2238,0
mult,2.04585e+06,0
deserialize,2356,0
mult,2.04949e+06,0
deserialize,2670,0
mult,2.05035e+06,0
deserialize,2269,0
mult,2.05219e+06,0
deserialize,2547,0
mult,2.05067e+06,0
deserialize,2443,0
mult,2.0494e+06,0
deserialize,2657,0
mult,2.05208e+06,0
deserialize,2168,0
mult,2.05469e+06,0
deserialize,2580,0
mult,2.04183e+06,0
deserialize,2411,0
mult,2.0558e+06,0
deserialize,2654,0
mult,2.04866e+06,0
deserialize,2526,0
mult,2.05375e+06,0
deserialize,2324,0
mult,2.04087e+06,0
deserialize,2614,0
mult,2.04764e+06,0
deserialize,2544,0
mult,2.0595e+06,0
deserialize,2574,0
mult,2.05169e+06,0
deserialize,2515,0
mult,2.04764e+06,0
deserialize,2337,0
mult,2.05132e+06,0
deserialize,2550,0
mult,2.04655e+06,0
deserialize,2426,0
mult,2.06222e+06,0
deserialize,2463,0
mult,2.04183e+06,0
deserialize,2407,0
mult,2.05438e+06,0
deserialize,2884,0
mult,2.04734e+06,0
deserialize,2493,0
mult,2.0468e+06,0
deserialize,2514,0
mult,2.04912e+06,0
deserialize,2219,0
mult,2.04785e+06,0
deserialize,2453,0
mult,2.06204e+06,0
deserialize,2191,0
mult,2.05787e+06,0
deserialize,2314,0
mult,2.04456e+06,0
deserialize,2355,0
mult,2.0544e+06,0
deserialize,2437,0
mult,2.04764e+06,0
deserialize,2563,0
mult,2.06166e+06,0
deserialize,2252,0
mult,2.0431e+06,0
deserialize,2426,0
mult,2.04913e+06,0
deserialize,2557,0
mult,2.05554e+06,0
deserialize,2123,0
mult,2.04602e+06,0
deserialize,2266,0
mult,2.04601e+06,0
deserialize,2402,0
mult,2.04743e+06,0
deserialize,2380,0
mult,2.05853e+06,0
deserialize,2506,0
mult,2.05347e+06,0
deserialize,2443,0
mult,2.04915e+06,0
deserialize,2529,0
mult,2.04701e+06,0
deserialize,2320,0
mult,2.05583e+06,0
deserialize,2438,0
mult,2.04864e+06,0
deserialize,2345,0
mult,2.05713e+06,0
deserialize,2543,0
mult,2.04294e+06,0
deserialize,2310,0
mult,2.05869e+06,0
deserialize,2487,0
mult,2.04718e+06,0
deserialize,2374,0
mult,2.04931e+06,0
deserialize,2593,0
mult,2.0465e+06,0
deserialize,2218,0
mult,2.05497e+06,0
deserialize,2725,0
mult,2.05156e+06,0
deserialize,2462,0
mult,2.05038e+06,0
deserialize,2447,0
mult,2.04082e+06,0
deserialize,2390,0
mult,2.06428e+06,0
deserialize,2657,0
mult,2.044e+06,0
deserialize,2573,0
mult,2.05434e+06,0
deserialize,2180,0
mult,2.04139e+06,0
deserialize,2576,0
mult,2.05462e+06,0
deserialize,2670,0
mult,2.05072e+06,0
deserialize,2258,0
mult,2.05532e+06,0
deserialize,2112,0
mult,2.04081e+06,0
deserialize,2379,0
mult,2.0528e+06,0
deserialize,2130,0
mult,2.04319e+06,0
deserialize,2787,0
mult,2.06254e+06,0
deserialize,2374,0
mult,2.03831e+06,0
deserialize,2530,0
mult,2.06224e+06,0
deserialize,2613,0
mult,2.04773e+06,0
deserialize,2423,0
mult,2.04822e+06,0
deserialize,2503,0
mult,2.04872e+06,0
deserialize,2524,0
mult,2.05286e+06,0
deserialize,2186,0
mult,2.05321e+06,0
deserialize,2637,0
mult,2.04628e+06,0
deserialize,2353,0
mult,2.04285e+06,0
deserialize,2392,0
mult,2.06427e+06,0
deserialize,2260,0
mult,2.05142e+06,0
deserialize,2445,0
mult,2.05602e+06,0
deserialize,2496,0
mult,2.05137e+06,0
deserialize,2734,0
mult,2.05207e+06,0
deserialize,2657,0
mult,2.05664e+06,0
deserialize,2380,0
mult,2.03969e+06,0
deserialize,2600,0
mult,2.05245e+06,0
deserialize,2590,0
mult,2.05487e+06,0
deserialize,2297,0
mult,2.04781e+06,0
deserialize,2482,0
mult,2.05059e+06,0
deserialize,2554,0
mult,8.78709e+06,0
deserialize,20281,0
mult,7.39802e+07,0
deserialize,4960,0
mult,5.94395e+07,0
deserialize,4878,0
mult,6.72279e+07,0
deserialize,21130,0
mult,2.56869e+07,0
deserialize,5070,0
mult,4.23961e+06,0
deserialize,3407,0
mult,1.98587e+06,0
deserialize,3241,0
mult,1.96592e+06,0
deserialize,2690,0
mult,1.92086e+06,0
deserialize,2750,0
mult,1.99314e+06,0
deserialize,2527,0
mult,2.0894e+06,0
deserialize,3359,0
mult,2.08626e+06,0
deserialize,2757,0
mult,2.08427e+06,0
deserialize,2920,0
mult,2.08835e+06,0
deserialize,3239,0
mult,2.0663e+06,0
deserialize,3455,0
mult,2.07758e+06,0
deserialize,2933,0
mult,2.0744e+06,0
deserialize,3166,0
mult,2.09032e+06,0
deserialize,3383,0
mult,2.07672e+06,0
deserialize,3484,0
mult,2.08669e+06,0
deserialize,2927,0
mult,2.06868e+06,0
deserialize,2723,0
mult,2.0938e+06,0
deserialize,3218,0
mult,2.07888e+06,0
deserialize,2437,0
mult,2.07987e+06,0
deserialize,2319,0
mult,2.06314e+06,0
deserialize,2201,0
mult,2.07961e+06,0
deserialize,2173,0
mult,2.06369e+06,0
deserialize,2360,0
mult,2.08068e+06,0
deserialize,2414,0
mult,2.07899e+06,0
deserialize,2147,0
mult,2.08252e+06,0
deserialize,2565,0
mult,2.06214e+06,0
deserialize,2470,0
mult,2.0783e+06,0
deserialize,2257,0
mult,2.06669e+06,0
deserialize,2260,0
mult,2.08683e+06,0
deserialize,2194,0
mult,2.07476e+06,0
deserialize,2281,0
mult,2.08366e+06,0
deserialize,2721,0
mult,2.05488e+06,0
deserialize,2228,0
mult,2.08338e+06,0
deserialize,2783,0
mult,2.05941e+06,0
deserialize,2746,0
mult,2.08781e+06,0
deserialize,2490,0
mult,2.06932e+06,0
deserialize,2660,0
mult,2.08768e+06,0
deserialize,2511,0
mult,2.05436e+06,0
gemm,2.75218e+09,0
wait_all,1.99838e+09,0
deserialize,7363,0
mult,2.15613e+06,0
deserialize,3101,0
mult,2.06911e+06,0
deserialize,2591,0
mult,2.0565e+06,0
deserialize,2465,0
mult,2.06391e+06,0
deserialize,2218,0
mult,2.05144e+06,0
deserialize,2375,0
mult,2.06082e+06,0
deserialize,2402,0
mult,2.06365e+06,0
deserialize,2769,0
mult,2.05368e+06,0
deserialize,2445,0
mult,2.06047e+06,0
deserialize,2960,0
mult,2.05944e+06,0
deserialize,2599,0
mult,2.06124e+06,0
deserialize,2497,0
mult,2.05542e+06,0
deserialize,2716,0
mult,2.06334e+06,0
deserialize,2542,0
mult,2.0544e+06,0
deserialize,2608,0
mult,2.06826e+06,0
deserialize,2486,0
mult,2.05991e+06,0
deserialize,2273,0
mult,2.05992e+06,0
deserialize,2529,0
mult,2.05467e+06,0
deserialize,2483,0
mult,2.06662e+06,0
deserialize,2647,0
mult,2.05461e+06,0
deserialize,2532,0
mult,2.06428e+06,0
deserialize,2594,0
mult,2.05829e+06,0
deserialize,2346,0
mult,2.05937e+06,0
deserialize,2468,0
mult,2.05686e+06,0
deserialize,2466,0
mult,2.06443e+06,0
deserialize,2293,0
mult,2.05503e+06,0
deserialize,2331,0
mult,2.06865e+06,0
deserialize,2331,0
mult,2.05783e+06,0
deserialize,2290,0
mult,2.05634e+06,0
deserialize,2340,0
mult,2.05398e+06,0
deserialize,2453,0
mult,2.0665e+06,0
deserialize,2283,0
mult,2.06001e+06,0
deserialize,2305,0
mult,2.06276e+06,0
deserialize,2258,0
mult,2.05784e+06,0
deserialize,2196,0
mult,2.05922e+06,0
deserialize,2421,0
mult,2.0616e+06,0
deserialize,2034,0
mult,2.06473e+06,0
deserialize,2265,0
mult,2.05919e+06,0
deserialize,2203,0
mult,2.06494e+06,0
deserialize,2509,0
mult,2.06258e+06,0
deserialize,2226,0
mult,2.04939e+06,0
deserialize,2309,0
mult,2.07159e+06,0
deserialize,2502,0
mult,2.05979e+06,0
deserialize,2252,0
mult,2.06466e+06,0
deserialize,2381,0
mult,2.05305e+06,0
deserialize,2490,0
mult,2.06248e+06,0
deserialize,2646,0
mult,2.05349e+06,0
deserialize,2323,0
mult,2.07727e+06,0
deserialize,2560,0
mult,2.06066e+06,0
deserialize,2233,0
mult,2.0655e+06,0
deserialize,2619,0
mult,2.05735e+06,0
deserialize,2335,0
mult,2.06649e+06,0
deserialize,2085,0
mult,2.052e+06,0
deserialize,2409,0
mult,2.07675e+06,0
deserialize,2233,0
mult,2.06128e+06,0
deserialize,2350,0
mult,2.06624e+06,0
deserialize,2083,0
mult,2.04816e+06,0
deserialize,2289,0
mult,2.06296e+06,0
deserialize,2475,0
mult,2.05381e+06,0
deserialize,2399,0
mult,2.08041e+06,0
deserialize,2318,0
mult,2.05619e+06,0
deserialize,2386,0
mult,2.06695e+06,0
deserialize,2192,0
mult,2.05466e+06,0
deserialize,2560,0
mult,2.06798e+06,0
deserialize,2573,0
mult,2.05133e+06,0
deserialize,2509,0
mult,2.0786e+06,0
deserialize,2477,0
mult,2.06141e+06,0
deserialize,2427,0
mult,2.0652e+06,0
deserialize,2261,0
mult,2.05278e+06,0
deserialize,2470,0
mult,2.06106e+06,0
deserialize,2321,0
mult,2.06146e+06,0
deserialize,2483,0
mult,2.07266e+06,0
deserialize,2476,0
mult,2.0601e+06,0
deserialize,2591,0
mult,2.05516e+06,0
deserialize,2283,0
mult,2.06131e+06,0
deserialize,2581,0
mult,2.06374e+06,0
deserialize,2569,0
mult,2.05779e+06,0
deserialize,2737,0
mult,2.06629e+06,0
deserialize,2844,0
mult,2.15797e+06,0
deserialize,2464,0
mult,2.05766e+06,0
deserialize,2525,0
mult,2.05398e+06,0
deserialize,2823,0
mult,2.06254e+06,0
deserialize,2383,0
mult,2.06231e+06,0
deserialize,2253,0
mult,2.06468e+06,0
deserialize,2459,0
mult,2.05992e+06,0
deserialize,2614,0
mult,2.05548e+06,0
deserialize,2527,0
mult,2.05875e+06,0
deserialize,2350,0
mult,2.06448e+06,0
deserialize,2064,0
mult,2.05628e+06,0
deserialize,2420,0
mult,2.06112e+06,0
deserialize,2606,0
mult,2.06394e+06,0
deserialize,2424,0
mult,2.05835e+06,0
deserialize,2100,0
mult,2.05524e+06,0
deserialize,2607,0
mult,2.06343e+06,0
deserialize,2135,0
mult,2.06773e+06,0
deserialize,2537,0
mult,2.05878e+06,0
deserialize,2388,0
mult,2.05639e+06,0
deserialize,2260,0
mult,2.06288e+06,0
deserialize,2485,0
mult,2.0534e+06,0
deserialize,2736,0
mult,2.06981e+06,0
deserialize,2630,0
mult,2.05067e+06,0
deserialize,2729,0
mult,2.06608e+06,0
deserialize,3014,0
mult,2.05619e+06,0
deserialize,2522,0
mult,2.06317e+06,0
deserialize,2548,0
mult,2.05184e+06,0
deserialize,2380,0
mult,2.06984e+06,0
deserialize,2653,0
mult,2.0527e+06,0
deserialize,2609,0
mult,2.06551e+06,0
deserialize,2578,0
mult,2.05113e+06,0
deserialize,2354,0
mult,2.07949e+06,0
deserialize,2401,0
mult,2.05727e+06,0
deserialize,2800,0
mult,2.06825e+06,0
deserialize,2402,0
mult,2.04869e+06,0
deserialize,2295,0
mult,2.06536e+06,0
deserialize,2539,0
mult,2.05587e+06,0
deserialize,2400,0
mult,2.06547e+06,0
deserialize,2328,0
mult,2.05125e+06,0
deserialize,2369,0
mult,2.06439e+06,0
deserialize,2385,0
mult,2.05473e+06,0
deserialize,2190,0
mult,2.06803e+06,0
deserialize,2154,0
mult,2.05394e+06,0
deserialize,2431,0
mult,2.06467e+06,0
deserialize,2454,0
mult,2.05703e+06,0
deserialize,2808,0
mult,2.07058e+06,0
deserialize,2778,0
mult,2.05098e+06,0
deserialize,2647,0
mult,2.06426e+06,0
deserialize,2116,0
mult,2.05388e+06,0
deserialize,2441,0
mult,2.06339e+06,0
deserialize,2709,0
mult,2.05385e+06,0
deserialize,2730,0
mult,2.05971e+06,0
deserialize,2587,0
mult,2.0621e+06,0
deserialize,2697,0
mult,2.06158e+06,0
deserialize,2480,0
mult,2.05586e+06,0
deserialize,2732,0
mult,2.0581e+06,0
deserialize,2511,0
mult,2.05873e+06,0
deserialize,2566,0
mult,2.06126e+06,0
deserialize,2560,0
mult,2.06181e+06,0
deserialize,2910,0
mult,2.05902e+06,0
deserialize,2648,0
mult,2.05944e+06,0
deserialize,2711,0
mult,2.05698e+06,0
deserialize,2264,0
mult,2.05297e+06,0
deserialize,2759,0
mult,2.0602e+06,0
deserialize,2392,0
mult,2.06628e+06,0
deserialize,2556,0
mult,2.05868e+06,0
deserialize,2689,0
mult,2.05604e+06,0
deserialize,2270,0
mult,2.05571e+06,0
deserialize,2237,0
mult,2.05925e+06,0
deserialize,2514,0
mult,2.06317e+06,0
deserialize,2459,0
mult,2.06671e+06,0
deserialize,2369,0
mult,2.05716e+06,0
deserialize,2601,0
mult,2.05863e+06,0
deserialize,2174,0
mult,2.05602e+06,0
deserialize,2411,0
mult,2.05614e+06,0
deserialize,2177,0
mult,2.06121e+06,0
deserialize,2179,0
mult,2.06871e+06,0
deserialize,2575,0
mult,2.05788e+06,0
deserialize,2703,0
mult,2.05606e+06,0
deserialize,2648,0
mult,2.05352e+06,0
deserialize,2582,0
mult,2.05769e+06,0
deserialize,2378,0
mult,2.06178e+06,0
deserialize,2390,0
mult,2.06787e+06,0
deserialize,2404,0
mult,2.0623e+06,0
deserialize,2666,0
mult,2.05232e+06,0
deserialize,2336,0
mult,2.05831e+06,0
deserialize,2466,0
mult,2.04699e+06,0
deserialize,2234,0
mult,2.06591e+06,0
deserialize,2560,0
mult,2.06428e+06,0
deserialize,2411,0
mult,2.06126e+06,0
deserialize,2923,0
mult,2.05013e+06,0
deserialize,2313,0
mult,2.05932e+06,0
deserialize,2783,0
mult,2.05154e+06,0
deserialize,2669,0
mult,2.06672e+06,0
deserialize,2781,0
mult,2.06086e+06,0
deserialize,2503,0
mult,2.05908e+06,0
deserialize,2594,0
mult,2.0531e+06,0
deserialize,2367,0
mult,2.05922e+06,0
deserialize,2570,0
mult,2.05022e+06,0
deserialize,2590,0
mult,2.06379e+06,0
deserialize,2119,0
mult,2.06041e+06,0
deserialize,2404,0
mult,2.05957e+06,0
deserialize,2288,0
mult,2.051e+06,0
deserialize,2189,0
mult,2.06075e+06,0
deserialize,2519,0
mult,2.05297e+06,0
deserialize,2271,0
mult,2.06381e+06,0
deserialize,2454,0
mult,2.05747e+06,0
deserialize,2538,0
mult,2.05951e+06,0
deserialize,2439,0
mult,2.05451e+06,0
deserialize,2227,0
mult,2.06449e+06,0
deserialize,2320,0
mult,2.05092e+06,0
deserialize,2342,0
mult,2.06251e+06,0
deserialize,2418,0
mult,2.05982e+06,0
deserialize,2363,0
mult,2.05853e+06,0
deserialize,2180,0
mult,2.06156e+06,0
deserialize,2403,0
mult,2.05809e+06,0
deserialize,2589,0
mult,2.05969e+06,0
deserialize,2617,0
mult,2.05598e+06,0
deserialize,2268,0
mult,2.0607e+06,0
deserialize,2635,0
mult,2.05294e+06,0
deserialize,2303,0
mult,2.06114e+06,0
deserialize,2656,0
mult,2.05535e+06,0
deserialize,2608,0
mult,2.05946e+06,0
deserialize,2478,0
mult,2.07223e+06,0
deserialize,2362,0
mult,2.06441e+06,0
deserialize,2567,0
mult,2.05948e+06,0
deserialize,2281,0
mult,2.06578e+06,0
deserialize,2582,0
mult,2.06042e+06,0
deserialize,2714,0
mult,2.06489e+06,0
deserialize,2500,0
mult,2.05624e+06,0
deserialize,2383,0
mult,2.05455e+06,0
deserialize,2389,0
mult,2.06446e+06,0
deserialize,2559,0
mult,2.07591e+06,0
deserialize,2390,0
mult,2.05912e+06,0
deserialize,2173,0
mult,2.05982e+06,0
deserialize,2482,0
mult,8.8544e+06,0
deserialize,2837,0
mult,7.36963e+07,0
deserialize,4665,0
mult,5.91724e+07,0
deserialize,4112,0
mult,6.59099e+07,0
deserialize,22940,0
mult,2.59157e+07,0
deserialize,5600,0
mult,4.53865e+06,0
deserialize,4212,0
mult,2.04202e+06,0
deserialize,3090,0
mult,2.05349e+06,0
deserialize,2900,0
mult,2.03928e+06,0
deserialize,2434,0
mult,2.04769e+06,0
deserialize,2660,0
mult,2.03544e+06,0
deserialize,2386,0
mult,2.0528e+06,0
deserialize,2309,0
mult,2.0354e+06,0
deserialize,2489,0
mult,2.04244e+06,0
deserialize,2216,0
mult,2.03775e+06,0
deserialize,2637,0
mult,2.05507e+06,0
deserialize,2560,0
mult,2.02973e+06,0
deserialize,2476,0
mult,2.04998e+06,0
deserialize,2663,0
mult,2.0337e+06,0
deserialize,2822,0
mult,2.06039e+06,0
deserialize,3018,0
mult,2.03077e+06,0
deserialize,2600,0
mult,2.05062e+06,0
deserialize,2947,0
mult,2.03393e+06,0
deserialize,2263,0
mult,2.05944e+06,0
deserialize,2568,0
mult,2.03124e+06,0
deserialize,2137,0
mult,2.04946e+06,0
deserialize,2556,0
mult,2.03214e+06,0
deserialize,2625,0
mult,2.05338e+06,0
deserialize,2549,0
mult,2.03233e+06,0
deserialize,2357,0
mult,2.0521e+06,0
deserialize,2586,0
mult,2.03255e+06,0
deserialize,2638,0
mult,2.05807e+06,0
deserialize,2433,0
mult,2.03051e+06,0
deserialize,2583,0
mult,2.04934e+06,0
deserialize,2483,0
mult,2.03144e+06,0
deserialize,2449,0
mult,2.06028e+06,0
deserialize,2795,0
mult,2.02926e+06,0
deserialize,2407,0
mult,2.04828e+06,0
deserialize,2529,0
mult,2.02889e+06,0
deserialize,2613,0
mult,2.05551e+06,0
deserialize,2285,0
mult,2.03007e+06,0
deserialize,2348,0
mult,2.05012e+06,0
deserialize,2214,0
mult,2.03055e+06,0
gemm,2.63261e+09,0
wait_all,1.88097e+09,0
deserialize,6855,0
mult,2.17218e+06,0
deserialize,3000,0
mult,2.04266e+06,0
deserialize,2457,0
mult,2.05404e+06,0
deserialize,2783,0
mult,2.04546e+06,0
deserialize,2308,0
mult,2.0643e+06,0
deserialize,2711,0
mult,2.04096e+06,0
deserialize,2393,0
mult,2.05046e+06,0
deserialize,2702,0
mult,2.04783e+06,0
deserialize,2392,0
mult,2.05606e+06,0
deserialize,2468,0
mult,2.04096e+06,0
deserialize,2442,0
mult,2.05783e+06,0
deserialize,2681,0
mult,2.04529e+06,0
deserialize,2540,0
mult,2.05782e+06,0
deserialize,2739,0
mult,2.04208e+06,0
deserialize,2385,0
mult,2.05386e+06,0
deserialize,2405,0
mult,2.04571e+06,0
deserialize,2477,0
mult,2.05999e+06,0
deserialize,2423,0
mult,2.0389e+06,0
deserialize,2349,0
mult,2.05282e+06,0
deserialize,2372,0
mult,2.04724e+06,0
deserialize,2454,0
mult,2.05701e+06,0
deserialize,2539,0
mult,2.04169e+06,0
deserialize,2183,0
mult,2.05242e+06,0
deserialize,2297,0
mult,2.04611e+06,0
deserialize,2266,0
mult,2.05766e+06,0
deserialize,2477,0
mult,2.04424e+06,0
deserialize,2295,0
mult,2.05281e+06,0
deserialize,2137,0
mult,2.04837e+06,0
deserialize,2328,0
mult,2.06375e+06,0
deserialize,2376,0
mult,2.03872e+06,0
deserialize,2280,0
mult,2.05148e+06,0
deserialize,2218,0
mult,2.0497e+06,0
deserialize,2463,0
mult,2.05495e+06,0
deserialize,2546,0
mult,2.04805e+06,0
deserialize,2538,0
mult,2.04659e+06,0
deserialize,2612,0
mult,2.05219e+06,0
deserialize,2544,0
mult,2.05184e+06,0
deserialize,2412,0
mult,2.04974e+06,0
deserialize,2740,0
mult,2.04511e+06,0
deserialize,2435,0
mult,2.05284e+06,0
deserialize,2365,0
mult,2.05457e+06,0
deserialize,2770,0
mult,2.04572e+06,0
deserialize,2690,0
mult,2.04456e+06,0
deserialize,2570,0
mult,2.05614e+06,0
deserialize,2483,0
mult,2.04857e+06,0
deserialize,2294,0
mult,2.04901e+06,0
deserialize,2650,0
mult,2.04606e+06,0
deserialize,2213,0
mult,2.05517e+06,0
deserialize,2928,0
mult,2.05345e+06,0
deserialize,2563,0
mult,2.05084e+06,0
deserialize,2502,0
mult,2.0453e+06,0
deserialize,2299,0
mult,2.0527e+06,0
deserialize,2230,0
mult,2.05722e+06,0
deserialize,2592,0
mult,2.04892e+06,0
deserialize,2257,0
mult,2.04549e+06,0
deserialize,2519,0
mult,2.05492e+06,0
deserialize,2315,0
mult,2.04731e+06,0
deserialize,2354,0
mult,2.04736e+06,0
deserialize,2434,0
mult,2.04496e+06,0
deserialize,2452,0
mult,2.0574e+06,0
deserialize,2503,0
mult,2.05212e+06,0
deserialize,2443,0
mult,2.05126e+06,0
deserialize,2293,0
mult,2.04276e+06,0
deserialize,2174,0
mult,2.05061e+06,0
deserialize,2724,0
mult,2.05746e+06,0
deserialize,2479,0
mult,2.04846e+06,0
deserialize,2450,0
mult,2.04535e+06,0
deserialize,2314,0
mult,2.05324e+06,0
deserialize,2427,0
mult,2.04832e+06,0
deserialize,2408,0
mult,2.0489e+06,0
deserialize,2240,0
mult,2.04918e+06,0
deserialize,2645,0
mult,2.05138e+06,0
deserialize,2386,0
mult,2.05614e+06,0
deserialize,2561,0
mult,2.04126e+06,0
deserialize,2443,0
mult,2.05216e+06,0
deserialize,2445,0
mult,2.0465e+06,0
deserialize,2606,0
mult,2.06084e+06,0
deserialize,2360,0
mult,2.04216e+06,0
deserialize,2864,0
mult,2.0482e+06,0
deserialize,2487,0
mult,2.04428e+06,0
deserialize,2240,0
mult,2.05572e+06,0
deserialize,2457,0
mult,2.04255e+06,0
deserialize,2492,0
mult,2.05102e+06,0
deserialize,2538,0
mult,2.04822e+06,0
deserialize,2509,0
mult,2.05662e+06,0
deserialize,2424,0
mult,2.04022e+06,0
deserialize,2367,0
mult,2.05059e+06,0
deserialize,2511,0
mult,2.04606e+06,0
deserialize,2436,0
mult,2.06052e+06,0
deserialize,2414,0
mult,2.04069e+06,0
deserialize,2263,0
mult,2.04989e+06,0
deserialize,2630,0
mult,2.04312e+06,0
deserialize,2550,0
mult,2.05777e+06,0
deserialize,2665,0
mult,2.04047e+06,0
deserialize,2532,0
mult,2.04736e+06,0
deserialize,2464,0
mult,2.04632e+06,0
deserialize,2724,0
mult,2.05252e+06,0
deserialize,2436,0
mult,2.04225e+06,0
deserialize,2680,0
mult,2.0496e+06,0
deserialize,2342,0
mult,2.04741e+06,0
deserialize,2326,0
mult,2.05741e+06,0
deserialize,2468,0
mult,2.0417e+06,0
deserialize,2493,0
mult,2.04792e+06,0
deserialize,2533,0
mult,2.04349e+06,0
deserialize,2268,0
mult,2.05925e+06,0
deserialize,2415,0
mult,2.04115e+06,0
deserialize,2533,0
mult,2.05134e+06,0
deserialize,2491,0
mult,2.04614e+06,0
deserialize,2695,0
mult,2.05416e+06,0
deserialize,2317,0
mult,2.04895e+06,0
deserialize,2538,0
mult,2.04554e+06,0
deserialize,2373,0
mult,2.19051e+06,0
deserialize,2572,0
mult,2.05212e+06,0
deserialize,2329,0
mult,2.04658e+06,0
deserialize,2757,0
mult,2.04382e+06,0
deserialize,2400,0
mult,2.05117e+06,0
deserialize,2520,0
mult,2.05503e+06,0
deserialize,2731,0
mult,2.04621e+06,0
deserialize,2618,0
mult,2.04379e+06,0
deserialize,2154,0
mult,2.05071e+06,0
deserialize,2529,0
mult,2.05061e+06,0
deserialize,2401,0
mult,2.04819e+06,0
deserialize,2397,0
mult,2.04566e+06,0
deserialize,2481,0
mult,2.05358e+06,0
deserialize,2513,0
mult,2.05309e+06,0
deserialize,2886,0
mult,2.04467e+06,0
deserialize,2240,0
mult,2.04358e+06,0
deserialize,2248,0
mult,2.05221e+06,0
deserialize,2581,0
mult,2.0521e+06,0
deserialize,2636,0
mult,2.04528e+06,0
deserialize,2326,0
mult,2.04682e+06,0
deserialize,2225,0
mult,2.05298e+06,0
deserialize,2368,0
mult,2.04835e+06,0
deserialize,2492,0
mult,2.05022e+06,0
deserialize,2472,0
mult,2.04338e+06,0
deserialize,2271,0
mult,2.05303e+06,0
deserialize,2487,0
mult,2.05961e+06,0
deserialize,2267,0
mult,2.04519e+06,0
deserialize,2427,0
mult,2.04377e+06,0
deserialize,2360,0
mult,2.05306e+06,0
deserialize,2673,0
mult,2.05095e+06,0
deserialize,2659,0
mult,2.04642e+06,0
deserialize,2536,0
mult,2.05303e+06,0
deserialize,2288,0
mult,2.05171e+06,0
deserialize,2514,0
mult,2.05344e+06,0
deserialize,2800,0
mult,2.04508e+06,0
deserialize,2434,0
mult,2.05387e+06,0
deserialize,2545,0
mult,2.04853e+06,0
deserialize,2466,0
mult,2.06958e+06,0
deserialize,2611,0
mult,2.0427e+06,0
deserialize,2551,0
mult,2.0497e+06,0
deserialize,2653,0
mult,2.04706e+06,0
deserialize,2616,0
mult,2.06014e+06,0
deserialize,2617,0
mult,2.04118e+06,0
deserialize,2201,0
mult,2.05952e+06,0
deserialize,2427,0
mult,2.05012e+06,0
deserialize,2447,0
mult,2.05588e+06,0
deserialize,2619,0
mult,2.04345e+06,0
deserialize,2186,0
mult,2.05404e+06,0
deserialize,2464,0
mult,2.05055e+06,0
deserialize,2697,0
mult,2.06633e+06,0
deserialize,2494,0
mult,2.04287e+06,0
deserialize,2460,0
mult,2.05103e+06,0
deserialize,2317,0
mult,2.0454e+06,0
deserialize,2450,0
mult,2.06043e+06,0
deserialize,2391,0
mult,2.042e+06,0
deserialize,2714,0
mult,2.05686e+06,0
deserialize,2209,0
mult,2.04979e+06,0
deserialize,2536,0
mult,2.0538e+06,0
deserialize,2453,0
mult,2.04328e+06,0
deserialize,2533,0
mult,2.0568e+06,0
deserialize,2267,0
mult,2.05057e+06,0
deserialize,2693,0
mult,2.06217e+06,0
deserialize,2713,0
mult,2.04478e+06,0
deserialize,2310,0
mult,2.0501e+06,0
deserialize,2329,0
mult,2.04366e+06,0
deserialize,2358,0
mult,2.06141e+06,0
deserialize,2651,0
mult,2.04162e+06,0
deserialize,2234,0
mult,2.05273e+06,0
deserialize,2181,0
mult,2.05372e+06,0
deserialize,2599,0
mult,2.04804e+06,0
deserialize,2345,0
mult,2.04578e+06,0
deserialize,2762,0
mult,2.04963e+06,0
deserialize,2230,0
mult,2.05152e+06,0
deserialize,2873,0
mult,2.05256e+06,0
deserialize,2697,0
mult,2.05033e+06,0
deserialize,2601,0
mult,2.04625e+06,0
deserialize,2265,0
mult,2.05145e+06,0
deserialize,2530,0
mult,2.05614e+06,0
deserialize,2693,0
mult,2.04945e+06,0
deserialize,2477,0
mult,2.0453e+06,0
deserialize,2473,0
mult,2.05271e+06,0
deserialize,2486,0
mult,2.04946e+06,0
deserialize,2585,0
mult,2.0476e+06,0
deserialize,2695,0
mult,2.04799e+06,0
deserialize,2604,0
mult,2.05093e+06,0
deserialize,2333,0
mult,2.0501e+06,0
deserialize,2246,0
mult,2.04872e+06,0
deserialize,2316,0
mult,2.04647e+06,0
deserialize,2574,0
mult,2.05578e+06,0
deserialize,2620,0
mult,2.06003e+06,0
deserialize,2316,0
mult,2.04846e+06,0
deserialize,2523,0
mult,2.05106e+06,0
deserialize,2397,0
mult,2.05265e+06,0
deserialize,2247,0
mult,2.0507e+06,0
deserialize,2347,0
mult,2.06251e+06,0
deserialize,2712,0
mult,2.04635e+06,0
deserialize,2215,0
mult,2.05223e+06,0
deserialize,2338,0
mult,2.0542e+06,0
deserialize,2438,0
mult,2.04874e+06,0
deserialize,2839,0
mult,2.04505e+06,0
deserialize,2588,0
mult,2.04972e+06,0
deserialize,2430,0
mult,2.05039e+06,0
deserialize,2789,0
mult,8.8272e+06,0
deserialize,2548,0
mult,7.37113e+07,0
deserialize,4706,0
mult,5.92171e+07,0
deserialize,4367,0
mult,6.60578e+07,0
deserialize,21100,0
mult,2.56032e+07,0
deserialize,8071,0
mult,4.47045e+06,0
deserialize,5721,0
mult,2.07238e+06,0
deserialize,4859,0
mult,2.06e+06,0
deserialize,4699,0
mult,2.04822e+06,0
deserialize,4759,0
mult,2.04333e+06,0
deserialize,3983,0
mult,2.04647e+06,0
deserialize,3673,0
mult,2.04249e+06,0
deserialize,3576,0
mult,2.04238e+06,0
deserialize,3885,0
mult,2.03555e+06,0
deserialize,3610,0
mult,2.04218e+06,0
deserialize,3800,0
mult,2.04173e+06,0
deserialize,3535,0
mult,2.043e+06,0
deserialize,3655,0
mult,2.03572e+06,0
deserialize,3621,0
mult,2.04271e+06,0
deserialize,3857,0
mult,2.0457e+06,0
deserialize,3556,0
mult,2.04431e+06,0
deserialize,3723,0
mult,2.03589e+06,0
deserialize,3506,0
mult,2.04864e+06,0
deserialize,3520,0
mult,2.04399e+06,0
deserialize,3629,0
mult,2.05105e+06,0
deserialize,3950,0
mult,2.03474e+06,0
deserialize,3678,0
mult,2.04402e+06,0
deserialize,3863,0
mult,2.04462e+06,0
deserialize,3526,0
mult,2.04371e+06,0
deserialize,3640,0
mult,2.03581e+06,0
deserialize,3715,0
mult,2.04939e+06,0
deserialize,3580,0
mult,2.04311e+06,0
deserialize,3587,0
mult,2.04268e+06,0
deserialize,3623,0
mult,2.03663e+06,0
deserialize,3669,0
mult,2.04283e+06,0
deserialize,3608,0
mult,2.04156e+06,0
deserialize,3518,0
mult,2.04461e+06,0
deserialize,3568,0
mult,2.0334e+06,0
deserialize,3528,0
mult,2.04122e+06,0
deserialize,3577,0
mult,2.04561e+06,0
deserialize,3941,0
mult,2.041e+06,0
deserialize,3610,0
mult,2.03558e+06,0
deserialize,3395,0
mult,2.0456e+06,0
gemm,2.72873e+09,0
wait_all,1.95225e+09,0
deserialize,7388,0
mult,2.24143e+06,0
deserialize,4457,0
mult,2.17376e+06,0
deserialize,3735,0
mult,2.10141e+06,0
deserialize,3724,0
mult,2.18016e+06,0
deserialize,3630,0
mult,2.13377e+06,0
deserialize,3827,0
mult,2.18245e+06,0
deserialize,3604,0
mult,2.09906e+06,0
deserialize,3864,0
mult,2.17139e+06,0
deserialize,3798,0
mult,2.15531e+06,0
deserialize,3833,0
mult,2.17691e+06,0
deserialize,3607,0
mult,2.09781e+06,0
deserialize,3641,0
mult,2.16224e+06,0
deserialize,3798,0
mult,2.14691e+06,0
deserialize,3689,0
mult,2.1639e+06,0
deserialize,3981,0
mult,2.11028e+06,0
deserialize,3640,0
mult,2.17402e+06,0
deserialize,3621,0
mult,2.13766e+06,0
deserialize,3686,0
mult,2.17179e+06,0
deserialize,3754,0
mult,2.10479e+06,0
deserialize,3751,0
mult,2.16364e+06,0
deserialize,3603,0
mult,2.16482e+06,0
deserialize,3960,0
mult,2.1694e+06,0
deserialize,3485,0
mult,2.09923e+06,0
deserialize,3460,0
mult,2.16888e+06,0
deserialize,3415,0
mult,2.14241e+06,0
deserialize,3841,0
mult,2.16976e+06,0
deserialize,3919,0
mult,2.10445e+06,0
deserialize,3714,0
mult,2.18068e+06,0
deserialize,3695,0
mult,2.13256e+06,0
deserialize,4090,0
mult,2.18129e+06,0
deserialize,3643,0
mult,2.09428e+06,0
deserialize,3943,0
mult,2.17475e+06,0
deserialize,3873,0
mult,2.15683e+06,0
deserialize,3659,0
mult,2.17567e+06,0
deserialize,3502,0
mult,2.09457e+06,0
deserialize,3737,0
mult,2.17322e+06,0
deserialize,3544,0
mult,2.15155e+06,0
deserialize,3832,0
mult,2.16355e+06,0
deserialize,3673,0
mult,2.11047e+06,0
deserialize,3921,0
mult,2.17023e+06,0
deserialize,3536,0
mult,2.139e+06,0
deserialize,3651,0
mult,2.18115e+06,0
deserialize,3617,0
mult,2.10703e+06,0
deserialize,3670,0
mult,2.16731e+06,0
deserialize,3575,0
mult,2.15927e+06,0
deserialize,3539,0
mult,2.1661e+06,0
deserialize,3548,0
mult,2.10005e+06,0
deserialize,3673,0
mult,2.17043e+06,0
deserialize,3634,0
mult,2.15344e+06,0
deserialize,3748,0
mult,2.16964e+06,0
deserialize,3675,0
mult,2.1024e+06,0
deserialize,3910,0
mult,2.17513e+06,0
deserialize,3606,0
mult,2.13716e+06,0
deserialize,3763,0
mult,2.18947e+06,0
deserialize,3620,0
mult,2.09115e+06,0
deserialize,3730,0
mult,2.17129e+06,0
deserialize,3691,0
mult,2.1474e+06,0
deserialize,3898,0
mult,2.17183e+06,0
deserialize,3683,0
mult,2.0913e+06,0
deserialize,3719,0
mult,2.18037e+06,0
deserialize,3677,0
mult,2.14412e+06,0
deserialize,3660,0
mult,2.17054e+06,0
deserialize,3711,0
mult,2.1053e+06,0
deserialize,3834,0
mult,2.17006e+06,0
deserialize,3757,0
mult,2.14316e+06,0
deserialize,3769,0
mult,2.18708e+06,0
deserialize,3545,0
mult,2.0974e+06,0
deserialize,3930,0
mult,2.16536e+06,0
deserialize,3532,0
mult,2.1521e+06,0
deserialize,3694,0
mult,2.16743e+06,0
deserialize,3759,0
mult,2.09867e+06,0
deserialize,3737,0
mult,2.17543e+06,0
deserialize,3793,0
mult,2.1474e+06,0
deserialize,3867,0
mult,2.16073e+06,0
deserialize,3491,0
mult,2.10469e+06,0
deserialize,3854,0
mult,2.17518e+06,0
deserialize,3573,0
mult,2.13546e+06,0
deserialize,3752,0
mult,2.18903e+06,0
deserialize,3742,0
mult,2.08965e+06,0
deserialize,3700,0
mult,2.17178e+06,0
deserialize,3992,0
mult,2.14633e+06,0
deserialize,3755,0
mult,2.17346e+06,0
deserialize,3713,0
mult,2.09066e+06,0
deserialize,3902,0
mult,2.17549e+06,0
deserialize,3990,0
mult,2.1405e+06,0
deserialize,3714,0
mult,2.16946e+06,0
deserialize,3801,0
mult,2.09888e+06,0
deserialize,4006,0
mult,2.17586e+06,0
deserialize,3620,0
mult,2.13941e+06,0
deserialize,4055,0
mult,2.18033e+06,0
deserialize,3656,0
mult,2.09581e+06,0
deserialize,3853,0
mult,2.17056e+06,0
deserialize,3681,0
mult,2.15508e+06,0
deserialize,3960,0
mult,2.16853e+06,0
deserialize,3607,0
mult,2.09765e+06,0
deserialize,4037,0
mult,2.17043e+06,0
deserialize,3948,0
mult,2.1425e+06,0
deserialize,3986,0
mult,2.16642e+06,0
deserialize,3730,0
mult,2.10661e+06,0
deserialize,3779,0
mult,2.17218e+06,0
deserialize,3797,0
mult,2.1342e+06,0
deserialize,3626,0
mult,2.19024e+06,0
deserialize,3935,0
mult,2.08854e+06,0
deserialize,3785,0
mult,2.17973e+06,0
deserialize,3743,0
mult,2.15041e+06,0
deserialize,3867,0
mult,2.17238e+06,0
deserialize,3499,0
mult,2.09041e+06,0
deserialize,3723,0
mult,2.17572e+06,0
deserialize,3815,0
mult,2.13657e+06,0
deserialize,3752,0
mult,2.17788e+06,0
deserialize,3831,0
mult,2.10243e+06,0
deserialize,4054,0
mult,2.17498e+06,0
deserialize,3796,0
mult,2.12803e+06,0
deserialize,3709,0
mult,2.1901e+06,0
deserialize,3786,0
mult,2.09382e+06,0
deserialize,3753,0
mult,2.17613e+06,0
deserialize,3853,0
mult,2.15752e+06,0
deserialize,3658,0
mult,2.16777e+06,0
deserialize,4100,0
mult,2.09677e+06,0
deserialize,3769,0
mult,2.17368e+06,0
deserialize,4029,0
mult,2.14498e+06,0
deserialize,3755,0
mult,2.16972e+06,0
deserialize,3639,0
mult,2.10842e+06,0
deserialize,3996,0
mult,2.17194e+06,0
deserialize,3779,0
mult,2.13584e+06,0
deserialize,4110,0
mult,2.1881e+06,0
deserialize,3910,0
mult,2.0957e+06,0
deserialize,3917,0
mult,2.17746e+06,0
deserialize,3928,0
mult,2.14964e+06,0
deserialize,3756,0
mult,2.17452e+06,0
deserialize,3777,0
mult,2.09097e+06,0
deserialize,3874,0
mult,2.18117e+06,0
deserialize,3726,0
mult,2.13851e+06,0
deserialize,3736,0
mult,2.1729e+06,0
deserialize,3812,0
mult,2.10202e+06,0
deserialize,3696,0
mult,2.17913e+06,0
deserialize,3794,0
mult,2.13575e+06,0
deserialize,3660,0
mult,2.1936e+06,0
deserialize,3637,0
mult,2.09092e+06,0
deserialize,4047,0
mult,2.17272e+06,0
deserialize,3758,0
mult,2.15383e+06,0
deserialize,3810,0
mult,2.17e+06,0
deserialize,3794,0
mult,2.09579e+06,0
deserialize,4207,0
mult,2.17521e+06,0
deserialize,3804,0
mult,2.14234e+06,0
deserialize,3765,0
mult,2.16014e+06,0
deserialize,3846,0
mult,2.11059e+06,0
deserialize,3811,0
mult,2.17389e+06,0
deserialize,3762,0
mult,2.14485e+06,0
deserialize,3807,0
mult,2.18555e+06,0
deserialize,3874,0
mult,2.09378e+06,0
deserialize,3885,0
mult,2.16486e+06,0
deserialize,3522,0
mult,2.15534e+06,0
deserialize,3624,0
mult,2.17509e+06,0
deserialize,3926,0
mult,2.0968e+06,0
deserialize,3665,0
mult,2.17891e+06,0
deserialize,3906,0
mult,2.13656e+06,0
deserialize,3764,0
mult,2.16458e+06,0
deserialize,3853,0
mult,2.10442e+06,0
deserialize,3926,0
mult,2.17935e+06,0
deserialize,3859,0
mult,2.13893e+06,0
deserialize,4172,0
mult,2.18941e+06,0
deserialize,3885,0
mult,2.09078e+06,0
deserialize,3582,0
mult,2.16826e+06,0
deserialize,3935,0
mult,2.15038e+06,0
deserialize,3673,0
mult,2.17497e+06,0
deserialize,3707,0
mult,2.09934e+06,0
deserialize,3923,0
mult,2.16899e+06,0
deserialize,3775,0
mult,2.13982e+06,0
deserialize,3673,0
mult,2.16183e+06,0
deserialize,3535,0
mult,2.10794e+06,0
deserialize,3603,0
mult,2.1735e+06,0
deserialize,3684,0
mult,2.14263e+06,0
deserialize,3716,0
mult,2.17901e+06,0
deserialize,3447,0
mult,2.09602e+06,0
deserialize,3765,0
mult,2.16488e+06,0
deserialize,3574,0
mult,2.15593e+06,0
deserialize,4014,0
mult,2.16783e+06,0
deserialize,3490,0
mult,2.10159e+06,0
deserialize,3577,0
mult,2.17496e+06,0
deserialize,3751,0
mult,2.13661e+06,0
deserialize,3713,0
mult,2.16831e+06,0
deserialize,3545,0
mult,2.10482e+06,0
deserialize,3619,0
mult,2.17526e+06,0
deserialize,3787,0
mult,2.13613e+06,0
deserialize,3686,0
mult,2.18397e+06,0
deserialize,3844,0
mult,2.09191e+06,0
deserialize,3667,0
mult,2.17295e+06,0
deserialize,3977,0
mult,2.15054e+06,0
deserialize,3762,0
mult,2.16949e+06,0
deserialize,3687,0
mult,2.09614e+06,0
deserialize,3669,0
mult,2.17035e+06,0
deserialize,3577,0
mult,2.14672e+06,0
deserialize,3661,0
mult,2.16562e+06,0
deserialize,3584,0
mult,2.10811e+06,0
deserialize,3912,0
mult,2.16567e+06,0
deserialize,3577,0
mult,2.14033e+06,0
deserialize,3820,0
mult,2.17708e+06,0
deserialize,3556,0
mult,2.09761e+06,0
deserialize,3943,0
mult,2.16827e+06,0
deserialize,3615,0
mult,2.15751e+06,0
deserialize,3784,0
mult,2.17589e+06,0
deserialize,3605,0
mult,2.09657e+06,0
deserialize,3700,0
mult,2.16752e+06,0
deserialize,3550,0
mult,2.15277e+06,0
deserialize,3696,0
mult,2.17388e+06,0
deserialize,3612,0
mult,2.07103e+06,0
deserialize,4020,0
mult,2.14599e+06,0
deserialize,4400,0
mult,2.1307e+06,0
deserialize,4448,0
mult,2.19484e+06,0
deserialize,4355,0
mult,2.10805e+06,0
deserialize,4947,0
mult,2.18262e+06,0
deserialize,4708,0
mult,2.16189e+06,0
deserialize,5018,0
mult,9.95931e+06,0
deserialize,4776,0
mult,7.39687e+07,0
deserialize,6493,0
mult,6.33794e+07,0
deserialize,5801,0
mult,6.65322e+07,0
deserialize,20791,0
mult,2.58007e+07,0
deserialize,6972,0
mult,4.19444e+06,0
deserialize,4327,0
mult,2.05704e+06,0
deserialize,4188,0
mult,2.05186e+06,0
deserialize,3812,0
mult,2.03781e+06,0
deserialize,3817,0
mult,2.06821e+06,0
deserialize,3710,0
mult,2.03611e+06,0
deserialize,4042,0
mult,2.04571e+06,0
deserialize,3540,0
mult,2.03838e+06,0
deserialize,3728,0
mult,2.04958e+06,0
deserialize,3746,0
mult,2.03669e+06,0
deserialize,3840,0
mult,2.04357e+06,0
deserialize,3600,0
mult,2.03763e+06,0
deserialize,3713,0
mult,2.05213e+06,0
deserialize,3941,0
mult,2.03735e+06,0
deserialize,3839,0
mult,2.05241e+06,0
deserialize,3788,0
mult,2.04064e+06,0
deserialize,3635,0
mult,2.05628e+06,0
deserialize,3518,0
mult,2.03562e+06,0
deserialize,3645,0
mult,2.04671e+06,0
deserialize,3486,0
mult,2.03711e+06,0
deserialize,4257,0
mult,2.06775e+06,0
deserialize,4365,0
mult,1.91076e+06,0
deserialize,4199,0
mult,1.90166e+06,0
deserialize,3330,0
mult,1.93457e+06,0
deserialize,4167,0
mult,1.90844e+06,0
deserialize,4467,0
mult,1.93488e+06,0
deserialize,4093,0
mult,1.90071e+06,0
deserialize,3588,0
mult,1.93351e+06,0
deserialize,4256,0
mult,1.9108e+06,0
deserialize,4174,0
mult,1.9346e+06,0
deserialize,4275,0
mult,1.9017e+06,0
deserialize,3981,0
mult,1.93854e+06,0
deserialize,4203,0
mult,1.90837e+06,0
deserialize,4483,0
mult,1.93326e+06,0
deserialize,4067,0
mult,1.90496e+06,0
deserialize,4452,0
mult,1.93933e+06,0
deserialize,3469,0
mult,1.91001e+06,0
deserialize,3505,0
mult,1.93528e+06,0
gemm,2.69944e+09,0
wait_all,1.94104e+09,0
deserialize,7631,0
mult,2.17289e+06,0
deserialize,5488,0
mult,2.04689e+06,0
deserialize,3813,0
mult,2.06716e+06,0
deserialize,4062,0
mult,2.04528e+06,0
deserialize,3679,0
mult,2.0591e+06,0
deserialize,3876,0
mult,2.04897e+06,0
deserialize,4014,0
mult,2.06411e+06,0
deserialize,3699,0
mult,2.048e+06,0
deserialize,3724,0
mult,2.0624e+06,0
deserialize,3683,0
mult,2.04981e+06,0
deserialize,3730,0
mult,2.06273e+06,0
deserialize,3792,0
mult,2.04586e+06,0
deserialize,3941,0
mult,2.05921e+06,0
deserialize,3825,0
mult,2.04786e+06,0
deserialize,3940,0
mult,2.07122e+06,0
deserialize,3808,0
mult,2.04604e+06,0
deserialize,3927,0
mult,2.05426e+06,0
deserialize,3795,0
mult,2.04559e+06,0
deserialize,3671,0
mult,2.07027e+06,0
deserialize,4270,0
mult,2.04545e+06,0
deserialize,3674,0
mult,2.06664e+06,0
deserialize,3810,0
mult,2.05309e+06,0
deserialize,3816,0
mult,2.06015e+06,0
deserialize,3742,0
mult,2.04712e+06,0
deserialize,3688,0
mult,2.06058e+06,0
deserialize,3825,0
mult,2.04907e+06,0
deserialize,3766,0
mult,2.07104e+06,0
deserialize,3718,0
mult,2.04725e+06,0
deserialize,3775,0
mult,2.0555e+06,0
deserialize,4222,0
mult,2.05125e+06,0
deserialize,3916,0
mult,2.06457e+06,0
deserialize,3960,0
mult,2.05678e+06,0
deserialize,3917,0
mult,2.05631e+06,0
deserialize,3656,0
mult,2.06021e+06,0
deserialize,3880,0
mult,2.05542e+06,0
deserialize,4076,0
mult,2.05222e+06,0
deserialize,3619,0
mult,2.05593e+06,0
deserialize,3981,0
mult,2.05847e+06,0
deserialize,3885,0
mult,2.05888e+06,0
deserialize,3954,0
mult,2.05289e+06,0
deserialize,3647,0
mult,2.04727e+06,0
deserialize,3705,0
mult,2.05831e+06,0
deserialize,4077,0
mult,2.06682e+06,0
deserialize,3682,0
mult,2.05801e+06,0
deserialize,3968,0
mult,2.05216e+06,0
deserialize,3753,0
mult,2.05714e+06,0
deserialize,3807,0
mult,2.05838e+06,0
deserialize,3775,0
mult,2.05484e+06,0
deserialize,4073,0
mult,2.0577e+06,0
deserialize,3632,0
mult,2.05607e+06,0
deserialize,3789,0
mult,2.05354e+06,0
deserialize,3800,0
mult,2.05345e+06,0
deserialize,3642,0
mult,2.04661e+06,0
deserialize,3797,0
mult,2.05964e+06,0
deserialize,3850,0
mult,2.06731e+06,0
deserialize,3750,0
mult,2.05737e+06,0
deserialize,3689,0
mult,2.04814e+06,0
deserialize,3739,0
mult,2.05661e+06,0
deserialize,4098,0
mult,2.06002e+06,0
deserialize,3763,0
mult,2.05892e+06,0
deserialize,3765,0
mult,2.05474e+06,0
deserialize,3640,0
mult,2.05749e+06,0
deserialize,3751,0
mult,2.05564e+06,0
deserialize,3846,0
mult,2.04744e+06,0
deserialize,4004,0
mult,2.05447e+06,0
deserialize,3909,0
mult,2.05601e+06,0
deserialize,3840,0
mult,2.06969e+06,0
deserialize,3983,0
mult,2.04854e+06,0
deserialize,3875,0
mult,2.05354e+06,0
deserialize,3730,0
mult,2.0514e+06,0
deserialize,3937,0
mult,2.06391e+06,0
deserialize,3986,0
mult,2.05519e+06,0
deserialize,3776,0
mult,2.05686e+06,0
deserialize,3839,0
mult,2.04489e+06,0
deserialize,3553,0
mult,2.05941e+06,0
deserialize,3927,0
mult,2.04541e+06,0
deserialize,3838,0
mult,2.05226e+06,0
deserialize,3928,0
mult,2.05265e+06,0
deserialize,3500,0
mult,2.0627e+06,0
deserialize,3661,0
mult,2.04715e+06,0
deserialize,3723,0
mult,2.0522e+06,0
deserialize,3752,0
mult,2.04946e+06,0
deserialize,3760,0
mult,2.0651e+06,0
deserialize,3687,0
mult,2.05308e+06,0
deserialize,3666,0
mult,2.05517e+06,0
deserialize,3727,0
mult,2.04364e+06,0
deserialize,3654,0
mult,2.05998e+06,0
deserialize,3912,0
mult,2.04675e+06,0
deserialize,3765,0
mult,2.05155e+06,0
deserialize,3923,0
mult,2.04818e+06,0
deserialize,3941,0
mult,2.0639e+06,0
deserialize,3943,0
mult,2.04874e+06,0
deserialize,3699,0
mult,2.05412e+06,0
deserialize,3918,0
mult,2.05051e+06,0
deserialize,3711,0
mult,2.06093e+06,0
deserialize,3817,0
mult,2.05854e+06,0
deserialize,3930,0
mult,2.04662e+06,0
deserialize,3747,0
mult,2.05168e+06,0
deserialize,3746,0
mult,2.05558e+06,0
deserialize,3770,0
mult,2.05606e+06,0
deserialize,4036,0
mult,2.04539e+06,0
deserialize,3639,0
mult,2.05312e+06,0
deserialize,3831,0
mult,2.0556e+06,0
deserialize,3846,0
mult,2.05247e+06,0
deserialize,4118,0
mult,2.0486e+06,0
deserialize,3713,0
mult,2.05792e+06,0
deserialize,3699,0
mult,2.0538e+06,0
deserialize,3707,0
mult,2.0527e+06,0
deserialize,3733,0
mult,2.04887e+06,0
deserialize,3753,0
mult,2.05108e+06,0
deserialize,3711,0
mult,2.05712e+06,0
deserialize,3796,0
mult,2.05697e+06,0
deserialize,4047,0
mult,2.04475e+06,0
deserialize,3838,0
mult,2.05308e+06,0
deserialize,4100,0
mult,2.05776e+06,0
deserialize,3737,0
mult,2.1867e+06,0
deserialize,3976,0
mult,2.04872e+06,0
deserialize,3536,0
mult,2.057e+06,0
deserialize,3770,0
mult,2.05372e+06,0
deserialize,3604,0
mult,2.0524e+06,0
deserialize,3724,0
mult,2.05032e+06,0
deserialize,3693,0
mult,2.0516e+06,0
deserialize,3621,0
mult,2.05693e+06,0
deserialize,3666,0
mult,2.05936e+06,0
deserialize,3966,0
mult,2.04466e+06,0
deserialize,3936,0
mult,2.05221e+06,0
deserialize,3775,0
mult,2.06393e+06,0
deserialize,3907,0
mult,2.04952e+06,0
deserialize,3615,0
mult,2.05331e+06,0
deserialize,3822,0
mult,2.05008e+06,0
deserialize,4048,0
mult,2.06429e+06,0
deserialize,4025,0
mult,2.04783e+06,0
deserialize,3662,0
mult,2.06038e+06,0
deserialize,3776,0
mult,2.04726e+06,0
deserialize,3692,0
mult,2.05994e+06,0
deserialize,3826,0
mult,2.05038e+06,0
deserialize,3963,0
mult,2.05272e+06,0
deserialize,3986,0
mult,2.04793e+06,0
deserialize,3858,0
mult,2.06386e+06,0
deserialize,3780,0
mult,2.0497e+06,0
deserialize,3555,0
mult,2.05292e+06,0
deserialize,4005,0
mult,2.05133e+06,0
deserialize,3536,0
mult,2.06779e+06,0
deserialize,3817,0
mult,2.04904e+06,0
deserialize,3997,0
mult,2.05611e+06,0
deserialize,3717,0
mult,2.04806e+06,0
deserialize,3938,0
mult,2.05935e+06,0
deserialize,3830,0
mult,2.04732e+06,0
deserialize,4033,0
mult,2.05405e+06,0
deserialize,3778,0
mult,2.04686e+06,0
deserialize,3690,0
mult,2.06265e+06,0
deserialize,3954,0
mult,2.04968e+06,0
deserialize,3744,0
mult,2.05546e+06,0
deserialize,3802,0
mult,2.05404e+06,0
deserialize,3752,0
mult,2.06933e+06,0
deserialize,3720,0
mult,2.05264e+06,0
deserialize,3825,0
mult,2.05724e+06,0
deserialize,3886,0
mult,2.04607e+06,0
deserialize,4034,0
mult,2.06167e+06,0
deserialize,4044,0
mult,2.05197e+06,0
deserialize,4000,0
mult,2.05352e+06,0
deserialize,4016,0
mult,2.05394e+06,0
deserialize,3975,0
mult,2.05786e+06,0
deserialize,3727,0
mult,2.05261e+06,0
deserialize,3978,0
mult,2.05085e+06,0
deserialize,3727,0
mult,2.05885e+06,0
deserialize,4234,0
mult,2.06216e+06,0
deserialize,3925,0
mult,2.05857e+06,0
deserialize,4003,0
mult,2.05143e+06,0
deserialize,3950,0
mult,2.0517e+06,0
deserialize,3857,0
mult,2.05774e+06,0
deserialize,3672,0
mult,2.0534e+06,0
deserialize,3987,0
mult,2.05292e+06,0
deserialize,3811,0
mult,2.05403e+06,0
deserialize,4001,0
mult,2.05701e+06,0
deserialize,3994,0
mult,2.04965e+06,0
deserialize,4067,0
mult,2.05173e+06,0
deserialize,3920,0
mult,2.05785e+06,0
deserialize,3867,0
mult,2.05776e+06,0
deserialize,3650,0
mult,2.05596e+06,0
deserialize,3767,0
mult,2.05515e+06,0
deserialize,4029,0
mult,2.05125e+06,0
deserialize,3740,0
mult,2.0581e+06,0
deserialize,3659,0
mult,2.05527e+06,0
deserialize,4151,0
mult,2.05247e+06,0
deserialize,3893,0
mult,2.05705e+06,0
deserialize,3989,0
mult,2.05998e+06,0
deserialize,3771,0
mult,2.04938e+06,0
deserialize,3736,0
mult,2.05232e+06,0
deserialize,3759,0
mult,2.05587e+06,0
deserialize,3949,0
mult,2.05699e+06,0
deserialize,3678,0
mult,2.05413e+06,0
deserialize,3680,0
mult,2.06243e+06,0
deserialize,4068,0
mult,2.04895e+06,0
deserialize,3682,0
mult,2.06186e+06,0
deserialize,4077,0
mult,2.05e+06,0
deserialize,3816,0
mult,2.05539e+06,0
deserialize,3762,0
mult,2.04684e+06,0
deserialize,3661,0
mult,2.06588e+06,0
deserialize,4125,0
mult,2.05242e+06,0
deserialize,3972,0
mult,2.05333e+06,0
deserialize,3930,0
mult,2.05847e+06,0
deserialize,3683,0
mult,2.06527e+06,0
deserialize,3891,0
mult,2.05046e+06,0
deserialize,3770,0
mult,2.06443e+06,0
deserialize,3698,0
mult,2.04738e+06,0
deserialize,4178,0
mult,2.06527e+06,0
deserialize,4412,0
mult,2.04822e+06,0
deserialize,3713,0
mult,2.05328e+06,0
deserialize,3869,0
mult,2.04434e+06,0
deserialize,3791,0
mult,2.07483e+06,0
deserialize,3980,0
mult,2.04729e+06,0
deserialize,3856,0
mult,2.05714e+06,0
deserialize,3865,0
mult,9.86522e+06,0
deserialize,4257,0
mult,7.30427e+07,0
deserialize,6364,0
mult,6.39739e+07,0
deserialize,6239,0
mult,6.55653e+07,0
deserialize,21110,0
mult,2.59638e+07,0
deserialize,7177,0
mult,4.27866e+06,0
deserialize,4530,0
mult,2.07451e+06,0
deserialize,4001,0
mult,2.11396e+06,0
deserialize,3723,0
mult,2.06615e+06,0
deserialize,4094,0
mult,2.08009e+06,0
deserialize,4136,0
mult,2.05482e+06,0
deserialize,3554,0
mult,2.10478e+06,0
deserialize,3772,0
mult,2.06314e+06,0
deserialize,4110,0
mult,2.06307e+06,0
deserialize,3786,0
mult,2.06246e+06,0
deserialize,3900,0
mult,2.09892e+06,0
deserialize,4017,0
mult,2.05492e+06,0
deserialize,3871,0
mult,2.06661e+06,0
deserialize,3759,0
mult,2.0541e+06,0
deserialize,3945,0
mult,2.10865e+06,0
deserialize,3860,0
mult,2.05514e+06,0
deserialize,3713,0
mult,2.06588e+06,0
deserialize,4128,0
mult,2.06122e+06,0
deserialize,3763,0
mult,2.1196e+06,0
deserialize,3673,0
mult,2.05974e+06,0
deserialize,3902,0
mult,2.06782e+06,0
deserialize,3647,0
mult,2.06359e+06,0
deserialize,3889,0
mult,2.10398e+06,0
deserialize,3694,0
mult,2.06082e+06,0
deserialize,3660,0
mult,2.06432e+06,0
deserialize,3706,0
mult,2.06703e+06,0
deserialize,3768,0
mult,2.09856e+06,0
deserialize,3617,0
mult,2.06687e+06,0
deserialize,4133,0
mult,2.05825e+06,0
deserialize,3803,0
mult,2.06881e+06,0
deserialize,3915,0
mult,2.09981e+06,0
deserialize,3764,0
mult,2.06267e+06,0
deserialize,3783,0
mult,2.0583e+06,0
deserialize,3721,0
mult,2.06709e+06,0
deserialize,3734,0
mult,1.99195e+06,0
deserialize,4543,0
mult,1.96797e+06,0
deserialize,4518,0
mult,1.91549e+06,0
deserialize,3461,0
mult,1.95771e+06,0
gemm,2.66251e+09,0
wait_all,1.90134e+09,0
deserialize,6969,0
mult,2.16552e+06,0
deserialize,4051,0
mult,2.09245e+06,0
deserialize,3933,0
mult,2.0692e+06,0
deserialize,3658,0
mult,2.09124e+06,0
deserialize,4065,0
mult,2.0592e+06,0
deserialize,3633,0
mult,2.07703e+06,0
deserialize,3588,0
mult,2.05928e+06,0
deserialize,3772,0
mult,2.08834e+06,0
deserialize,3849,0
mult,2.06931e+06,0
deserialize,3666,0
mult,2.08228e+06,0
deserialize,3761,0
mult,2.05693e+06,0
deserialize,3672,0
mult,2.08421e+06,0
deserialize,3884,0
mult,2.06276e+06,0
deserialize,3805,0
mult,2.0824e+06,0
deserialize,3738,0
mult,2.06594e+06,0
deserialize,3524,0
mult,2.08859e+06,0
deserialize,3683,0
mult,2.05994e+06,0
deserialize,3653,0
mult,2.07785e+06,0
deserialize,3926,0
mult,2.0656e+06,0
deserialize,3703,0
mult,2.10378e+06,0
deserialize,3820,0
mult,2.0748e+06,0
deserialize,3912,0
mult,2.07488e+06,0
deserialize,3654,0
mult,2.067e+06,0
deserialize,3620,0
mult,2.08329e+06,0
deserialize,3834,0
mult,2.06711e+06,0
deserialize,3644,0
mult,2.07167e+06,0
deserialize,3834,0
mult,2.07341e+06,0
deserialize,3794,0
mult,2.08047e+06,0
deserialize,3711,0
mult,2.07175e+06,0
deserialize,3876,0
mult,2.07376e+06,0
deserialize,3711,0
mult,2.06414e+06,0
deserialize,3582,0
mult,2.07586e+06,0
deserialize,3830,0
mult,2.07372e+06,0
deserialize,3610,0
mult,2.07231e+06,0
deserialize,3687,0
mult,2.07101e+06,0
deserialize,3630,0
mult,2.08994e+06,0
deserialize,3472,0
mult,2.0667e+06,0
deserialize,3931,0
mult,2.0691e+06,0
deserialize,3636,0
mult,2.07233e+06,0
deserialize,3630,0
mult,2.08044e+06,0
deserialize,3499,0
mult,2.07601e+06,0
deserialize,3664,0
mult,2.08302e+06,0
deserialize,3676,0
mult,2.06547e+06,0
deserialize,3863,0
mult,2.08e+06,0
deserialize,3947,0
mult,2.0672e+06,0
deserialize,3646,0
mult,2.08042e+06,0
deserialize,3703,0
mult,2.06918e+06,0
deserialize,3610,0
mult,2.10282e+06,0
deserialize,3779,0
mult,2.06356e+06,0
deserialize,3623,0
mult,2.07632e+06,0
deserialize,3682,0
mult,2.06674e+06,0
deserialize,4141,0
mult,2.08643e+06,0
deserialize,3613,0
mult,2.06899e+06,0
deserialize,3984,0
mult,2.0907e+06,0
deserialize,3898,0
mult,2.06287e+06,0
deserialize,3687,0
mult,2.08085e+06,0
deserialize,3596,0
mult,2.06721e+06,0
deserialize,3746,0
mult,2.08591e+06,0
deserialize,4131,0
mult,2.06536e+06,0
deserialize,3678,0
mult,2.10487e+06,0
deserialize,3849,0
mult,2.06604e+06,0
deserialize,3585,0
mult,2.08429e+06,0
deserialize,3752,0
mult,2.0667e+06,0
deserialize,3536,0
mult,2.09421e+06,0
deserialize,3927,0
mult,2.06718e+06,0
deserialize,3767,0
mult,2.08901e+06,0
deserialize,3660,0
mult,2.06241e+06,0
deserialize,3668,0
mult,2.08789e+06,0
deserialize,3688,0
mult,2.07374e+06,0
deserialize,3563,0
mult,2.08312e+06,0
deserialize,3780,0
mult,2.06514e+06,0
deserialize,3783,0
mult,2.09208e+06,0
deserialize,3710,0
mult,2.07339e+06,0
deserialize,3806,0
mult,2.07801e+06,0
deserialize,4021,0
mult,2.0714e+06,0
deserialize,3664,0
mult,2.08761e+06,0
deserialize,3610,0
mult,2.06499e+06,0
deserialize,3686,0
mult,2.07692e+06,0
deserialize,4046,0
mult,2.07048e+06,0
deserialize,3744,0
mult,2.08556e+06,0
deserialize,3921,0
mult,2.07302e+06,0
deserialize,3766,0
mult,2.07962e+06,0
deserialize,3736,0
mult,2.06515e+06,0
deserialize,3676,0
mult,2.0832e+06,0
deserialize,3590,0
mult,2.0753e+06,0
deserialize,3778,0
mult,2.08331e+06,0
deserialize,3602,0
mult,2.07145e+06,0
deserialize,3650,0
mult,2.08456e+06,0
deserialize,3609,0
mult,2.06562e+06,0
deserialize,3859,0
mult,2.07358e+06,0
deserialize,3723,0
mult,2.07098e+06,0
deserialize,3838,0
mult,2.09383e+06,0
deserialize,3717,0
mult,2.06577e+06,0
deserialize,3812,0
mult,2.08211e+06,0
deserialize,3441,0
mult,2.05983e+06,0
deserialize,3637,0
mult,2.08646e+06,0
deserialize,3787,0
mult,2.06799e+06,0
deserialize,3640,0
mult,2.08764e+06,0
deserialize,4050,0
mult,2.06168e+06,0
deserialize,3914,0
mult,2.08776e+06,0
deserialize,3737,0
mult,2.05666e+06,0
deserialize,3630,0
mult,2.08166e+06,0
deserialize,4058,0
mult,2.0642e+06,0
deserialize,3689,0
mult,2.09217e+06,0
deserialize,3653,0
mult,2.0626e+06,0
deserialize,4032,0
mult,2.07947e+06,0
deserialize,3521,0
mult,2.05482e+06,0
deserialize,3690,0
mult,2.08976e+06,0
deserialize,4255,0
mult,2.06468e+06,0
deserialize,3708,0
mult,2.08746e+06,0
deserialize,3724,0
mult,2.0604e+06,0
deserialize,3968,0
mult,2.08664e+06,0
deserialize,3754,0
mult,2.05959e+06,0
deserialize,3703,0
mult,2.08208e+06,0
deserialize,3897,0
mult,2.06105e+06,0
deserialize,3661,0
mult,2.08868e+06,0
deserialize,3697,0
mult,2.06225e+06,0
deserialize,3603,0
mult,2.08167e+06,0
deserialize,3511,0
mult,2.06377e+06,0
deserialize,3610,0
mult,2.08434e+06,0
deserialize,3816,0
mult,2.06439e+06,0
deserialize,4083,0
mult,2.07847e+06,0
deserialize,3683,0
mult,2.06519e+06,0
deserialize,3759,0
mult,2.08566e+06,0
deserialize,3784,0
mult,2.06799e+06,0
deserialize,3945,0
mult,2.07691e+06,0
deserialize,3735,0
mult,2.06125e+06,0
deserialize,3711,0
mult,2.08174e+06,0
deserialize,3980,0
mult,2.06617e+06,0
deserialize,3805,0
mult,2.08183e+06,0
deserialize,4067,0
mult,2.06579e+06,0
deserialize,3710,0
mult,2.08137e+06,0
deserialize,3856,0
mult,2.0617e+06,0
deserialize,3915,0
mult,2.07901e+06,0
deserialize,3855,0
mult,2.06309e+06,0
deserialize,3830,0
mult,2.09167e+06,0
deserialize,3850,0
mult,2.07036e+06,0
deserialize,3925,0
mult,2.07342e+06,0
deserialize,3796,0
mult,2.06322e+06,0
deserialize,3757,0
mult,2.08305e+06,0
deserialize,3876,0
mult,2.0667e+06,0
deserialize,3822,0
mult,2.08454e+06,0
deserialize,3714,0
mult,2.06844e+06,0
deserialize,3906,0
mult,2.08857e+06,0
deserialize,3961,0
mult,2.05683e+06,0
deserialize,4003,0
mult,2.08696e+06,0
deserialize,4079,0
mult,2.06263e+06,0
deserialize,3730,0
mult,2.0988e+06,0
deserialize,4067,0
mult,2.06324e+06,0
deserialize,3818,0
mult,2.08139e+06,0
deserialize,4027,0
mult,2.05468e+06,0
deserialize,3639,0
mult,2.08931e+06,0
deserialize,3843,0
mult,2.06317e+06,0
deserialize,3851,0
mult,2.08847e+06,0
deserialize,3710,0
mult,2.06212e+06,0
deserialize,3564,0
mult,2.09066e+06,0
deserialize,3920,0
mult,2.06087e+06,0
deserialize,3749,0
mult,2.08616e+06,0
deserialize,3630,0
mult,2.05961e+06,0
deserialize,3773,0
mult,2.09579e+06,0
deserialize,3682,0
mult,2.06208e+06,0
deserialize,3814,0
mult,2.08472e+06,0
deserialize,3707,0
mult,2.06044e+06,0
deserialize,3583,0
mult,2.08982e+06,0
deserialize,3650,0
mult,2.06105e+06,0
deserialize,3581,0
mult,2.08078e+06,0
deserialize,3647,0
mult,2.05953e+06,0
deserialize,3617,0
mult,2.09129e+06,0
deserialize,3780,0
mult,2.07262e+06,0
deserialize,3967,0
mult,2.0799e+06,0
deserialize,3745,0
mult,2.06516e+06,0
deserialize,3628,0
mult,2.08173e+06,0
deserialize,3641,0
mult,2.06666e+06,0
deserialize,3726,0
mult,2.08025e+06,0
deserialize,3535,0
mult,2.07202e+06,0
deserialize,3897,0
mult,2.08303e+06,0
deserialize,3610,0
mult,2.06499e+06,0
deserialize,3730,0
mult,2.06931e+06,0
deserialize,3501,0
mult,2.06536e+06,0
deserialize,3570,0
mult,2.08553e+06,0
deserialize,3845,0
mult,2.07465e+06,0
deserialize,3620,0
mult,2.07953e+06,0
deserialize,3834,0
mult,2.06284e+06,0
deserialize,3627,0
mult,2.07706e+06,0
deserialize,4207,0
mult,2.07112e+06,0
deserialize,3722,0
mult,2.07773e+06,0
deserialize,3734,0
mult,2.07474e+06,0
deserialize,3774,0
mult,2.08271e+06,0
deserialize,3612,0
mult,2.0625e+06,0
deserialize,3604,0
mult,2.06902e+06,0
deserialize,3656,0
mult,2.06726e+06,0
deserialize,3751,0
mult,2.08389e+06,0
deserialize,3607,0
mult,2.07488e+06,0
deserialize,3587,0
mult,2.08229e+06,0
deserialize,3665,0
mult,2.05828e+06,0
deserialize,3596,0
mult,2.08104e+06,0
deserialize,3876,0
mult,2.06206e+06,0
deserialize,3646,0
mult,2.08046e+06,0
deserialize,3693,0
mult,2.06806e+06,0
deserialize,3610,0
mult,2.08816e+06,0
deserialize,3782,0
mult,2.06326e+06,0
deserialize,3783,0
mult,2.08676e+06,0
deserialize,3950,0
mult,2.06179e+06,0
deserialize,3920,0
mult,2.08443e+06,0
deserialize,3760,0
mult,2.06861e+06,0
deserialize,3614,0
mult,2.08506e+06,0
deserialize,3900,0
mult,2.06111e+06,0
deserialize,3975,0
mult,2.08959e+06,0
deserialize,3919,0
mult,2.05829e+06,0
deserialize,3727,0
mult,2.09071e+06,0
deserialize,3836,0
mult,2.0609e+06,0
deserialize,3924,0
mult,2.09103e+06,0
deserialize,3691,0
mult,2.0666e+06,0
deserialize,3668,0
mult,9.92832e+06,0
deserialize,4214,0
mult,7.32806e+07,0
deserialize,6877,0
mult,6.35995e+07,0
deserialize,4854,0
mult,6.52663e+07,0
deserialize,21683,0
mult,2.59227e+07,0
deserialize,6726,0
mult,4.28112e+06,0
deserialize,3870,0
mult,2.05723e+06,0
deserialize,4116,0
mult,2.05368e+06,0
deserialize,3961,0
mult,2.03728e+06,0
deserialize,4020,0
mult,2.05047e+06,0
deserialize,4000,0
mult,2.03488e+06,0
deserialize,3692,0
mult,2.05256e+06,0
deserialize,3744,0
mult,2.03694e+06,0
deserialize,3727,0
mult,2.04566e+06,0
deserialize,3573,0
mult,2.03868e+06,0
deserialize,3761,0
mult,2.0501e+06,0
deserialize,3813,0
mult,2.03643e+06,0
deserialize,3648,0
mult,2.0446e+06,0
deserialize,4021,0
mult,2.03949e+06,0
deserialize,3652,0
mult,2.0519e+06,0
deserialize,3750,0
mult,2.03736e+06,0
deserialize,3523,0
mult,2.04728e+06,0
deserialize,3629,0
mult,2.03966e+06,0
deserialize,3594,0
mult,2.04898e+06,0
deserialize,3674,0
mult,2.03858e+06,0
deserialize,3762,0
mult,2.04744e+06,0
deserialize,4238,0
mult,2.03811e+06,0
deserialize,3797,0
mult,2.04729e+06,0
deserialize,3745,0
mult,2.03793e+06,0
deserialize,3673,0
mult,2.04777e+06,0
deserialize,3573,0
mult,2.03951e+06,0
deserialize,3819,0
mult,2.05135e+06,0
deserialize,3458,0
mult,2.03474e+06,0
deserialize,3724,0
mult,2.04458e+06,0
deserialize,3606,0
mult,2.03671e+06,0
deserialize,3556,0
mult,2.05054e+06,0
deserialize,3875,0
mult,2.03609e+06,0
deserialize,3775,0
mult,2.04516e+06,0
deserialize,3618,0
mult,2.03509e+06,0
deserialize,3559,0
mult,2.04877e+06,0
deserialize,4433,0
mult,2.03381e+06,0
deserialize,4291,0
mult,1.90435e+06,0
deserialize,4073,0
mult,1.94551e+06,0
gemm,2.7191e+09,0
wait_all,1.95592e+09,0
deserialize,7308,0
mult,2.2085e+06,0
deserialize,4093,0
mult,2.06498e+06,0
deserialize,4102,0
mult,2.09059e+06,0
deserialize,4018,0
mult,2.06439e+06,0
deserialize,3489,0
mult,2.08447e+06,0
deserialize,3597,0
mult,2.05687e+06,0
deserialize,3540,0
mult,2.07815e+06,0
deserialize,3698,0
mult,2.0698e+06,0
deserialize,3612,0
mult,2.09122e+06,0
deserialize,3573,0
mult,2.06211e+06,0
deserialize,3459,0
mult,2.07991e+06,0
deserialize,3787,0
mult,2.06563e+06,0
deserialize,4166,0
mult,2.07725e+06,0
deserialize,3608,0
mult,2.06984e+06,0
deserialize,3658,0
mult,2.08045e+06,0
deserialize,3711,0
mult,2.07267e+06,0
deserialize,3752,0
mult,2.07778e+06,0
deserialize,3461,0
mult,2.06357e+06,0
deserialize,3588,0
mult,2.0744e+06,0
deserialize,3703,0
mult,2.07133e+06,0
deserialize,3632,0
mult,2.0813e+06,0
deserialize,3524,0
mult,2.06721e+06,0
deserialize,3719,0
mult,2.0744e+06,0
deserialize,3589,0
mult,2.06855e+06,0
deserialize,3688,0
mult,2.07732e+06,0
deserialize,3792,0
mult,2.07761e+06,0
deserialize,4071,0
mult,2.07574e+06,0
deserialize,3476,0
mult,2.07085e+06,0
deserialize,3708,0
mult,2.08101e+06,0
deserialize,3763,0
mult,2.068e+06,0
deserialize,3713,0
mult,2.07128e+06,0
deserialize,3568,0
mult,2.06766e+06,0
deserialize,3630,0
mult,2.07627e+06,0
deserialize,3481,0
mult,2.06587e+06,0
deserialize,3845,0
mult,2.07943e+06,0
deserialize,3683,0
mult,2.0715e+06,0
deserialize,3472,0
mult,2.08205e+06,0
deserialize,3810,0
mult,2.0603e+06,0
deserialize,3925,0
mult,2.0822e+06,0
deserialize,3840,0
mult,2.06474e+06,0
deserialize,3583,0
mult,2.09274e+06,0
deserialize,3650,0
mult,2.06229e+06,0
deserialize,3714,0
mult,2.07599e+06,0
deserialize,3656,0
mult,2.06015e+06,0
deserialize,3558,0
mult,2.08781e+06,0
deserialize,3766,0
mult,2.06143e+06,0
deserialize,3827,0
mult,2.08983e+06,0
deserialize,3444,0
mult,2.06634e+06,0
deserialize,3839,0
mult,2.08402e+06,0
deserialize,3588,0
mult,2.05673e+06,0
deserialize,3578,0
mult,2.08388e+06,0
deserialize,3782,0
mult,2.06526e+06,0
deserialize,3867,0
mult,2.09304e+06,0
deserialize,4400,0
mult,2.06264e+06,0
deserialize,3600,0
mult,2.07814e+06,0
deserialize,4053,0
mult,2.05764e+06,0
deserialize,3621,0
mult,2.08759e+06,0
deserialize,3684,0
mult,2.06406e+06,0
deserialize,3716,0
mult,2.0888e+06,0
deserialize,3710,0
mult,2.06571e+06,0
deserialize,3466,0
mult,2.08501e+06,0
deserialize,3456,0
mult,2.06639e+06,0
deserialize,3715,0
mult,2.07873e+06,0
deserialize,3694,0
mult,2.07181e+06,0
deserialize,3712,0
mult,2.0838e+06,0
deserialize,3759,0
mult,2.06897e+06,0
deserialize,3842,0
mult,2.07475e+06,0
deserialize,3660,0
mult,2.07154e+06,0
deserialize,3743,0
mult,2.08277e+06,0
deserialize,3661,0
mult,2.06824e+06,0
deserialize,3839,0
mult,2.0734e+06,0
deserialize,4016,0
mult,2.06779e+06,0
deserialize,3732,0
mult,2.07719e+06,0
deserialize,3770,0
mult,2.07238e+06,0
deserialize,3927,0
mult,2.0785e+06,0
deserialize,3763,0
mult,2.07013e+06,0
deserialize,3710,0
mult,2.07605e+06,0
deserialize,3530,0
mult,2.06367e+06,0
deserialize,3837,0
mult,2.07545e+06,0
deserialize,3521,0
mult,2.07616e+06,0
deserialize,3676,0
mult,2.08254e+06,0
deserialize,3632,0
mult,2.06676e+06,0
deserialize,3848,0
mult,2.07095e+06,0
deserialize,3520,0
mult,2.06749e+06,0
deserialize,3744,0
mult,2.08043e+06,0
deserialize,3584,0
mult,2.07436e+06,0
deserialize,3740,0
mult,2.08291e+06,0
deserialize,3860,0
mult,2.05939e+06,0
deserialize,3685,0
mult,2.07746e+06,0
deserialize,3664,0
mult,2.05828e+06,0
deserialize,3572,0
mult,2.08085e+06,0
deserialize,3760,0
mult,2.07152e+06,0
deserialize,3623,0
mult,2.08904e+06,0
deserialize,3564,0
mult,2.05926e+06,0
deserialize,3827,0
mult,2.07059e+06,0
deserialize,3839,0
mult,2.06293e+06,0
deserialize,3729,0
mult,2.08424e+06,0
deserialize,3689,0
mult,2.06823e+06,0
deserialize,3786,0
mult,2.08009e+06,0
deserialize,3740,0
mult,2.05944e+06,0
deserialize,3722,0
mult,2.07815e+06,0
deserialize,3664,0
mult,2.06254e+06,0
deserialize,3720,0
mult,2.07927e+06,0
deserialize,3674,0
mult,2.06997e+06,0
deserialize,3806,0
mult,2.08744e+06,0
deserialize,3663,0
mult,2.05869e+06,0
deserialize,3658,0
mult,2.07063e+06,0
deserialize,3942,0
mult,2.06281e+06,0
deserialize,3764,0
mult,2.07942e+06,0
deserialize,3756,0
mult,2.06571e+06,0
deserialize,3677,0
mult,2.07986e+06,0
deserialize,3690,0
mult,2.0602e+06,0
deserialize,3712,0
mult,2.0789e+06,0
deserialize,3683,0
mult,2.06684e+06,0
deserialize,4175,0
mult,2.06914e+06,0
deserialize,3768,0
mult,2.07521e+06,0
deserialize,3909,0
mult,2.08052e+06,0
deserialize,3646,0
mult,2.06815e+06,0
deserialize,3810,0
mult,2.06999e+06,0
deserialize,3577,0
mult,2.06678e+06,0
deserialize,3793,0
mult,2.07268e+06,0
deserialize,3611,0
mult,2.07763e+06,0
deserialize,3832,0
mult,2.07148e+06,0
deserialize,3655,0
mult,2.06975e+06,0
deserialize,3740,0
mult,2.07876e+06,0
deserialize,4057,0
mult,2.06468e+06,0
deserialize,3697,0
mult,2.0654e+06,0
deserialize,3901,0
mult,2.07656e+06,0
deserialize,3989,0
mult,2.07811e+06,0
deserialize,3685,0
mult,2.07189e+06,0
deserialize,3782,0
mult,2.07561e+06,0
deserialize,3630,0
mult,2.06694e+06,0
deserialize,3810,0
mult,2.06519e+06,0
deserialize,3703,0
mult,2.0737e+06,0
deserialize,3690,0
mult,2.0701e+06,0
deserialize,3704,0
mult,2.07727e+06,0
deserialize,3945,0
mult,2.08778e+06,0
deserialize,3680,0
mult,2.06579e+06,0
deserialize,3739,0
mult,2.06888e+06,0
deserialize,4062,0
mult,2.0706e+06,0
deserialize,3724,0
mult,2.08341e+06,0
deserialize,3905,0
mult,2.06916e+06,0
deserialize,3696,0
mult,2.08677e+06,0
deserialize,3865,0
mult,2.06822e+06,0
deserialize,4197,0
mult,2.07323e+06,0
deserialize,3681,0
mult,2.06836e+06,0
deserialize,3863,0
mult,2.08182e+06,0
deserialize,3813,0
mult,2.06903e+06,0
deserialize,4009,0
mult,2.09423e+06,0
deserialize,3982,0
mult,2.06239e+06,0
deserialize,3916,0
mult,2.07144e+06,0
deserialize,3594,0
mult,2.07354e+06,0
deserialize,4107,0
mult,2.08751e+06,0
deserialize,3603,0
mult,2.06859e+06,0
deserialize,3793,0
mult,2.08639e+06,0
deserialize,3661,0
mult,2.069e+06,0
deserialize,3648,0
mult,2.08089e+06,0
deserialize,3930,0
mult,2.06709e+06,0
deserialize,3596,0
mult,2.08235e+06,0
deserialize,3962,0
mult,2.06572e+06,0
deserialize,3679,0
mult,2.09198e+06,0
deserialize,3635,0
mult,2.06553e+06,0
deserialize,3526,0
mult,2.07637e+06,0
deserialize,3661,0
mult,2.07825e+06,0
deserialize,3660,0
mult,2.08384e+06,0
deserialize,3603,0
mult,2.06509e+06,0
deserialize,3855,0
mult,2.07576e+06,0
deserialize,3808,0
mult,2.07559e+06,0
deserialize,3857,0
mult,2.07968e+06,0
deserialize,3979,0
mult,2.07291e+06,0
deserialize,3882,0
mult,2.07838e+06,0
deserialize,3580,0
mult,2.06837e+06,0
deserialize,3721,0
mult,2.07771e+06,0
deserialize,3831,0
mult,2.07293e+06,0
deserialize,3690,0
mult,2.07825e+06,0
deserialize,3590,0
mult,2.07472e+06,0
deserialize,3799,0
mult,2.08312e+06,0
deserialize,3775,0
mult,2.06564e+06,0
deserialize,3547,0
mult,2.07224e+06,0
deserialize,3546,0
mult,2.07876e+06,0
deserialize,3716,0
mult,2.08225e+06,0
deserialize,3588,0
mult,2.07033e+06,0
deserialize,3777,0
mult,2.07366e+06,0
deserialize,3563,0
mult,2.06822e+06,0
deserialize,3925,0
mult,2.07646e+06,0
deserialize,3757,0
mult,2.07071e+06,0
deserialize,3704,0
mult,2.08267e+06,0
deserialize,3760,0
mult,2.07086e+06,0
deserialize,3711,0
mult,2.08381e+06,0
deserialize,3562,0
mult,2.06223e+06,0
deserialize,3614,0
mult,2.07701e+06,0
deserialize,3727,0
mult,2.07178e+06,0
deserialize,3619,0
mult,2.08656e+06,0
deserialize,3808,0
mult,2.0641e+06,0
deserialize,3597,0
mult,2.07711e+06,0
deserialize,3697,0
mult,2.05921e+06,0
deserialize,3731,0
mult,2.08092e+06,0
deserialize,3662,0
mult,2.06507e+06,0
deserialize,3634,0
mult,2.0858e+06,0
deserialize,3661,0
mult,2.06981e+06,0
deserialize,3708,0
mult,2.09471e+06,0
deserialize,3607,0
mult,2.06346e+06,0
deserialize,3827,0
mult,2.08533e+06,0
deserialize,3624,0
mult,2.06096e+06,0
deserialize,4066,0
mult,2.08274e+06,0
deserialize,3663,0
mult,2.06514e+06,0
deserialize,3702,0
mult,2.08194e+06,0
deserialize,3748,0
mult,2.07096e+06,0
deserialize,3609,0
mult,2.08194e+06,0
deserialize,3684,0
mult,2.06329e+06,0
deserialize,4180,0
mult,2.08122e+06,0
deserialize,3808,0
mult,2.06985e+06,0
deserialize,3985,0
mult,2.08294e+06,0
deserialize,3839,0
mult,9.85178e+06,0
deserialize,21071,0
mult,7.34626e+07,0
deserialize,6475,0
mult,6.35206e+07,0
deserialize,6029,0
mult,6.53495e+07,0
deserialize,21341,0
mult,2.59657e+07,0
deserialize,7193,0
mult,4.37386e+06,0
deserialize,4525,0
mult,2.05671e+06,0
deserialize,3836,0
mult,2.13404e+06,0
deserialize,3923,0
mult,2.03803e+06,0
deserialize,3840,0
mult,2.15824e+06,0
deserialize,3788,0
mult,2.04136e+06,0
deserialize,3729,0
mult,2.13421e+06,0
deserialize,3694,0
mult,2.03723e+06,0
deserialize,3869,0
mult,2.16343e+06,0
deserialize,3860,0
mult,2.03811e+06,0
deserialize,3689,0
mult,2.14389e+06,0
deserialize,3885,0
mult,2.03617e+06,0
deserialize,3632,0
mult,2.15633e+06,0
deserialize,3762,0
mult,2.03891e+06,0
deserialize,3763,0
mult,2.1327e+06,0
deserialize,3584,0
mult,2.04773e+06,0
deserialize,3805,0
mult,2.15383e+06,0
deserialize,3541,0
mult,2.0447e+06,0
deserialize,3620,0
mult,2.13076e+06,0
deserialize,3480,0
mult,2.04945e+06,0
deserialize,3548,0
mult,2.15296e+06,0
deserialize,3766,0
mult,2.04466e+06,0
deserialize,3671,0
mult,2.12396e+06,0
deserialize,3807,0
mult,2.04451e+06,0
deserialize,3553,0
mult,2.15515e+06,0
deserialize,3471,0
mult,2.05067e+06,0
deserialize,3632,0
mult,2.13048e+06,0
deserialize,3689,0
mult,2.04232e+06,0
deserialize,3654,0
mult,2.1491e+06,0
deserialize,3430,0
mult,2.04377e+06,0
deserialize,3745,0
mult,2.13204e+06,0
deserialize,3793,0
mult,2.04596e+06,0
deserialize,3542,0
mult,2.15608e+06,0
deserialize,3710,0
mult,2.0411e+06,0
deserialize,3843,0
mult,2.13388e+06,0
deserialize,3639,0
mult,2.0373e+06,0
deserialize,4136,0
mult,2.1513e+06,0
deserialize,4300,0
mult,1.91484e+06,0
gemm,2.66033e+09,0
wait_all,1.90368e+09,0
deserialize,7532,0
mult,2.16007e+06,0
deserialize,4513,0
mult,2.05762e+06,0
deserialize,3670,0
mult,2.0443e+06,0
deserialize,3635,0
mult,2.05588e+06,0
deserialize,3628,0
mult,2.0379e+06,0
deserialize,3592,0
mult,2.06235e+06,0
deserialize,3748,0
mult,2.03522e+06,0
deserialize,3511,0
mult,2.05412e+06,0
deserialize,3861,0
mult,2.03718e+06,0
deserialize,3720,0
mult,2.06463e+06,0
deserialize,3851,0
mult,2.03826e+06,0
deserialize,3656,0
mult,2.05519e+06,0
deserialize,3757,0
mult,2.03774e+06,0
deserialize,3679,0
mult,2.0652e+06,0
deserialize,3686,0
mult,2.03601e+06,0
deserialize,3579,0
mult,2.05904e+06,0
deserialize,3620,0
mult,2.03674e+06,0
deserialize,3636,0
mult,2.05969e+06,0
deserialize,3806,0
mult,2.03782e+06,0
deserialize,3821,0
mult,2.05425e+06,0
deserialize,3576,0
mult,2.03744e+06,0
deserialize,3750,0
mult,2.06536e+06,0
deserialize,3870,0
mult,2.03907e+06,0
deserialize,3857,0
mult,2.05731e+06,0
deserialize,3542,0
mult,2.03506e+06,0
deserialize,3510,0
mult,2.06866e+06,0
deserialize,3858,0
mult,2.03433e+06,0
deserialize,3607,0
mult,2.05891e+06,0
deserialize,3901,0
mult,2.03872e+06,0
deserialize,3930,0
mult,2.0605e+06,0
deserialize,3857,0
mult,2.03589e+06,0
deserialize,3481,0
mult,2.05746e+06,0
deserialize,3804,0
mult,2.03684e+06,0
deserialize,3513,0
mult,2.06473e+06,0
deserialize,3578,0
mult,2.03734e+06,0
deserialize,3608,0
mult,2.06018e+06,0
deserialize,3494,0
mult,2.0351e+06,0
deserialize,3633,0
mult,2.07077e+06,0
deserialize,3617,0
mult,2.03542e+06,0
deserialize,3633,0
mult,2.05528e+06,0
deserialize,3540,0
mult,2.04367e+06,0
deserialize,3584,0
mult,2.06167e+06,0
deserialize,3596,0
mult,2.04249e+06,0
deserialize,3620,0
mult,2.05327e+06,0
deserialize,3498,0
mult,2.04461e+06,0
deserialize,3811,0
mult,2.05565e+06,0
deserialize,3576,0
mult,2.0438e+06,0
deserialize,3594,0
mult,2.05761e+06,0
deserialize,4057,0
mult,2.04347e+06,0
deserialize,3659,0
mult,2.06275e+06,0
deserialize,3506,0
mult,2.04186e+06,0
deserialize,3638,0
mult,2.04974e+06,0
deserialize,3490,0
mult,2.04034e+06,0
deserialize,3713,0
mult,2.06766e+06,0
deserialize,3617,0
mult,2.044e+06,0
deserialize,3846,0
mult,2.05206e+06,0
deserialize,3520,0
mult,2.04898e+06,0
deserialize,3613,0
mult,2.05659e+06,0
deserialize,3921,0
mult,2.04413e+06,0
deserialize,3820,0
mult,2.06136e+06,0
deserialize,3615,0
mult,2.04902e+06,0
deserialize,3567,0
mult,2.06125e+06,0
deserialize,3572,0
mult,2.0411e+06,0
deserialize,3724,0
mult,2.05071e+06,0
deserialize,3602,0
mult,2.04387e+06,0
deserialize,3791,0
mult,2.07358e+06,0
deserialize,3452,0
mult,2.04197e+06,0
deserialize,3849,0
mult,2.05278e+06,0
deserialize,3524,0
mult,2.04698e+06,0
deserialize,3786,0
mult,2.05813e+06,0
deserialize,3688,0
mult,2.04482e+06,0
deserialize,3793,0
mult,2.06382e+06,0
deserialize,3767,0
mult,2.04276e+06,0
deserialize,3704,0
mult,2.05898e+06,0
deserialize,3768,0
mult,2.04283e+06,0
deserialize,3937,0
mult,2.05625e+06,0
deserialize,3652,0
mult,2.03839e+06,0
deserialize,3873,0
mult,2.07315e+06,0
deserialize,3927,0
mult,2.03565e+06,0
deserialize,3622,0
mult,2.0581e+06,0
deserialize,3937,0
mult,2.03975e+06,0
deserialize,4173,0
mult,2.06481e+06,0
deserialize,3898,0
mult,2.03772e+06,0
deserialize,3520,0
mult,2.06457e+06,0
deserialize,3811,0
mult,2.04008e+06,0
deserialize,3615,0
mult,2.06728e+06,0
deserialize,3757,0
mult,2.03749e+06,0
deserialize,3703,0
mult,2.06032e+06,0
deserialize,3851,0
mult,2.0367e+06,0
deserialize,3962,0
mult,2.07028e+06,0
deserialize,4162,0
mult,2.03611e+06,0
deserialize,3640,0
mult,2.06008e+06,0
deserialize,3672,0
mult,2.03854e+06,0
deserialize,3580,0
mult,2.06632e+06,0
deserialize,3678,0
mult,2.03532e+06,0
deserialize,3660,0
mult,2.06094e+06,0
deserialize,3714,0
mult,2.03802e+06,0
deserialize,3548,0
mult,2.07122e+06,0
deserialize,3960,0
mult,2.03654e+06,0
deserialize,3675,0
mult,2.05814e+06,0
deserialize,3712,0
mult,2.03615e+06,0
deserialize,3658,0
mult,2.07126e+06,0
deserialize,3802,0
mult,2.03607e+06,0
deserialize,3727,0
mult,2.06014e+06,0
deserialize,3938,0
mult,2.03784e+06,0
deserialize,3982,0
mult,2.06438e+06,0
deserialize,3430,0
mult,2.03446e+06,0
deserialize,3811,0
mult,2.07687e+06,0
deserialize,3803,0
mult,2.03675e+06,0
deserialize,3746,0
mult,2.0791e+06,0
deserialize,3696,0
mult,2.04091e+06,0
deserialize,4071,0
mult,2.0501e+06,0
deserialize,3697,0
mult,2.04285e+06,0
deserialize,4398,0
mult,2.06746e+06,0
deserialize,3942,0
mult,2.04189e+06,0
deserialize,3650,0
mult,2.05494e+06,0
deserialize,3901,0
mult,2.04521e+06,0
deserialize,4097,0
mult,2.05664e+06,0
deserialize,3813,0
mult,2.04153e+06,0
deserialize,3579,0
mult,2.05859e+06,0
deserialize,3796,0
mult,2.04315e+06,0
deserialize,3955,0
mult,2.07192e+06,0
deserialize,3731,0
mult,2.04599e+06,0
deserialize,4133,0
mult,2.04878e+06,0
deserialize,3837,0
mult,2.04241e+06,0
deserialize,4164,0
mult,2.07113e+06,0
deserialize,3672,0
mult,2.04048e+06,0
deserialize,3716,0
mult,2.05248e+06,0
deserialize,3669,0
mult,2.0451e+06,0
deserialize,3795,0
mult,2.05697e+06,0
deserialize,3726,0
mult,2.04117e+06,0
deserialize,3909,0
mult,2.05768e+06,0
deserialize,3843,0
mult,2.04356e+06,0
deserialize,3915,0
mult,2.06567e+06,0
deserialize,3908,0
mult,2.04128e+06,0
deserialize,3749,0
mult,2.05184e+06,0
deserialize,3970,0
mult,2.04072e+06,0
deserialize,3865,0
mult,2.07213e+06,0
deserialize,3859,0
mult,2.04206e+06,0
deserialize,3843,0
mult,2.05136e+06,0
deserialize,3634,0
mult,2.04421e+06,0
deserialize,3727,0
mult,2.05839e+06,0
deserialize,3805,0
mult,2.04157e+06,0
deserialize,4038,0
mult,2.05709e+06,0
deserialize,4032,0
mult,2.04301e+06,0
deserialize,3645,0
mult,2.06294e+06,0
deserialize,3812,0
mult,2.03571e+06,0
deserialize,3946,0
mult,2.05825e+06,0
deserialize,3840,0
mult,2.03538e+06,0
deserialize,3696,0
mult,2.07424e+06,0
deserialize,3746,0
mult,2.0361e+06,0
deserialize,3753,0
mult,2.0539e+06,0
deserialize,3917,0
mult,2.03995e+06,0
deserialize,3842,0
mult,2.06545e+06,0
deserialize,3607,0
mult,2.03698e+06,0
deserialize,3538,0
mult,2.0605e+06,0
deserialize,3805,0
mult,2.03945e+06,0
deserialize,3567,0
mult,2.05965e+06,0
deserialize,3562,0
mult,2.03467e+06,0
deserialize,3622,0
mult,2.06e+06,0
deserialize,3888,0
mult,2.03497e+06,0
deserialize,3643,0
mult,2.06949e+06,0
deserialize,3964,0
mult,2.03621e+06,0
deserialize,3549,0
mult,2.05233e+06,0
deserialize,3884,0
mult,2.03828e+06,0
deserialize,3789,0
mult,2.0666e+06,0
deserialize,3597,0
mult,2.03593e+06,0
deserialize,3557,0
mult,2.05568e+06,0
deserialize,3793,0
mult,2.03608e+06,0
deserialize,4089,0
mult,2.19486e+06,0
deserialize,3813,0
mult,2.03428e+06,0
deserialize,3523,0
mult,2.05998e+06,0
deserialize,3742,0
mult,2.03661e+06,0
deserialize,3798,0
mult,2.06348e+06,0
deserialize,3866,0
mult,2.03535e+06,0
deserialize,3626,0
mult,2.05268e+06,0
deserialize,3813,0
mult,2.03707e+06,0
deserialize,3887,0
mult,2.06335e+06,0
deserialize,3486,0
mult,2.03726e+06,0
deserialize,3562,0
mult,2.05356e+06,0
deserialize,4170,0
mult,2.04039e+06,0
deserialize,3672,0
mult,2.05497e+06,0
deserialize,3746,0
mult,2.04278e+06,0
deserialize,3728,0
mult,2.0518e+06,0
deserialize,3512,0
mult,2.04364e+06,0
deserialize,3358,0
mult,2.05651e+06,0
deserialize,3575,0
mult,2.04276e+06,0
deserialize,3854,0
mult,2.04836e+06,0
deserialize,3588,0
mult,2.04515e+06,0
deserialize,3630,0
mult,2.05552e+06,0
deserialize,3569,0
mult,2.04213e+06,0
deserialize,3641,0
mult,2.04804e+06,0
deserialize,3706,0
mult,2.04212e+06,0
deserialize,3522,0
mult,2.05672e+06,0
deserialize,3712,0
mult,2.04154e+06,0
deserialize,3841,0
mult,2.04784e+06,0
deserialize,3651,0
mult,2.03942e+06,0
deserialize,3778,0
mult,2.05639e+06,0
deserialize,3499,0
mult,2.04276e+06,0
deserialize,3657,0
mult,2.05037e+06,0
deserialize,4114,0
mult,2.04289e+06,0
deserialize,3847,0
mult,2.0722e+06,0
deserialize,3683,0
mult,2.04214e+06,0
deserialize,3876,0
mult,2.05077e+06,0
deserialize,3806,0
mult,2.04293e+06,0
deserialize,3736,0
mult,2.06285e+06,0
deserialize,3877,0
mult,2.04426e+06,0
deserialize,3749,0
mult,2.05e+06,0
deserialize,3574,0
mult,2.04139e+06,0
deserialize,3708,0
mult,2.06045e+06,0
deserialize,3899,0
mult,2.04296e+06,0
deserialize,3935,0
mult,2.05362e+06,0
deserialize,3634,0
mult,2.04791e+06,0
deserialize,3663,0
mult,9.8599e+06,0
deserialize,20856,0
mult,7.34315e+07,0
deserialize,6373,0
mult,6.35935e+07,0
deserialize,5216,0
mult,6.55436e+07,0
deserialize,21019,0
mult,2.59559e+07,0
deserialize,7055,0
mult,4.34737e+06,0
deserialize,4152,0
mult,2.0482e+06,0
deserialize,4003,0
mult,2.06144e+06,0
deserialize,3739,0
mult,2.02963e+06,0
deserialize,3773,0
mult,2.04908e+06,0
deserialize,3784,0
mult,2.0297e+06,0
deserialize,3773,0
mult,2.05477e+06,0
deserialize,3500,0
mult,2.02946e+06,0
deserialize,3677,0
mult,2.04857e+06,0
deserialize,3999,0
mult,2.03023e+06,0
deserialize,4050,0
mult,2.05388e+06,0
deserialize,3814,0
mult,2.02805e+06,0
deserialize,3663,0
mult,2.04816e+06,0
deserialize,3531,0
mult,2.02972e+06,0
deserialize,3850,0
mult,2.0668e+06,0
deserialize,3487,0
mult,2.02861e+06,0
deserialize,3784,0
mult,2.05196e+06,0
deserialize,3638,0
mult,2.03234e+06,0
deserialize,3889,0
mult,2.0555e+06,0
deserialize,3433,0
mult,2.02982e+06,0
deserialize,3657,0
mult,2.04781e+06,0
deserialize,3767,0
mult,2.03064e+06,0
deserialize,3687,0
mult,2.05525e+06,0
deserialize,3429,0
mult,2.03003e+06,0
deserialize,3956,0
mult,2.05028e+06,0
deserialize,3472,0
mult,2.03173e+06,0
deserialize,3603,0
mult,2.05602e+06,0
deserialize,3670,0
mult,2.02801e+06,0
deserialize,3669,0
mult,2.04811e+06,0
deserialize,3674,0
mult,2.03683e+06,0
deserialize,3607,0
mult,2.04867e+06,0
deserialize,3405,0
mult,2.03579e+06,0
deserialize,3677,0
mult,2.0416e+06,0
deserialize,3628,0
mult,2.03354e+06,0
deserialize,3620,0
mult,2.04938e+06,0
deserialize,3618,0
mult,2.03579e+06,0
deserialize,3603,0
mult,2.04445e+06,0
deserialize,4231,0
mult,2.01412e+06,0
gemm,2.74078e+09,0
wait_all,1.97506e+09,0
deserialize,6298,0
mult,2.19413e+06,0
deserialize,4334,0
mult,2.1413e+06,0
deserialize,3610,0
mult,2.09413e+06,0
deserialize,3573,0
mult,2.06106e+06,0
deserialize,3524,0
mult,2.08746e+06,0
deserialize,3436,0
mult,2.12834e+06,0
deserialize,3335,0
mult,2.11036e+06,0
deserialize,3346,0
mult,2.06114e+06,0
deserialize,3352,0
mult,2.05163e+06,0
deserialize,3644,0
mult,2.11572e+06,0
deserialize,3478,0
mult,2.12919e+06,0
deserialize,3320,0
mult,2.09252e+06,0
deserialize,3606,0
mult,2.04762e+06,0
deserialize,3520,0
mult,2.67095e+06,0
deserialize,3558,0
mult,2.13482e+06,0
deserialize,3425,0
mult,2.12056e+06,0
deserialize,3543,0
mult,2.05956e+06,0
deserialize,3396,0
mult,2.04996e+06,0
deserialize,3235,0
mult,2.10566e+06,0
deserialize,3470,0
mult,2.12677e+06,0
deserialize,3485,0
mult,2.09865e+06,0
deserialize,3393,0
mult,2.05473e+06,0
deserialize,3254,0
mult,2.08779e+06,0
deserialize,3390,0
mult,2.12114e+06,0
deserialize,3253,0
mult,2.11777e+06,0
deserialize,3507,0
mult,2.05671e+06,0
deserialize,3243,0
mult,2.06004e+06,0
deserialize,3707,0
mult,2.1045e+06,0
deserialize,3293,0
mult,2.13313e+06,0
deserialize,3531,0
mult,2.08634e+06,0
deserialize,3343,0
mult,2.05452e+06,0
deserialize,3374,0
mult,2.07974e+06,0
deserialize,3233,0
mult,2.12872e+06,0
deserialize,3472,0
mult,2.12357e+06,0
deserialize,3615,0
mult,2.05265e+06,0
deserialize,3336,0
mult,2.05859e+06,0
deserialize,3493,0
mult,2.10182e+06,0
deserialize,3593,0
mult,2.13487e+06,0
deserialize,3628,0
mult,2.08518e+06,0
deserialize,3418,0
mult,2.05664e+06,0
deserialize,3194,0
mult,2.07951e+06,0
deserialize,3603,0
mult,2.132e+06,0
deserialize,3600,0
mult,2.11334e+06,0
deserialize,3483,0
mult,2.06071e+06,0
deserialize,3285,0
mult,2.04851e+06,0
deserialize,3380,0
mult,2.11055e+06,0
deserialize,3688,0
mult,2.1265e+06,0
deserialize,3363,0
mult,2.09796e+06,0
deserialize,3428,0
mult,2.05063e+06,0
deserialize,3283,0
mult,2.08552e+06,0
deserialize,3284,0
mult,2.12018e+06,0
deserialize,3229,0
mult,2.12742e+06,0
deserialize,3296,0
mult,2.05225e+06,0
deserialize,8951,0
mult,2.05455e+06,0
deserialize,3284,0
mult,2.11062e+06,0
deserialize,3755,0
mult,2.1263e+06,0
deserialize,3260,0
mult,2.08956e+06,0
deserialize,3691,0
mult,2.04936e+06,0
deserialize,3388,0
mult,2.08615e+06,0
deserialize,3677,0
mult,2.12782e+06,0
deserialize,3293,0
mult,2.12557e+06,0
deserialize,3571,0
mult,2.05234e+06,0
deserialize,3325,0
mult,2.05473e+06,0
deserialize,3390,0
mult,2.10944e+06,0
deserialize,3274,0
mult,2.13282e+06,0
deserialize,3448,0
mult,2.09265e+06,0
deserialize,3394,0
mult,2.05666e+06,0
deserialize,3630,0
mult,2.08129e+06,0
deserialize,3220,0
mult,2.12982e+06,0
deserialize,3400,0
mult,2.12306e+06,0
deserialize,3308,0
mult,2.06253e+06,0
deserialize,3390,0
mult,2.05645e+06,0
deserialize,3523,0
mult,2.11007e+06,0
deserialize,3515,0
mult,2.13395e+06,0
deserialize,3467,0
mult,2.0922e+06,0
deserialize,3422,0
mult,2.05511e+06,0
deserialize,3359,0
mult,2.08019e+06,0
deserialize,3674,0
mult,2.13199e+06,0
deserialize,3752,0
mult,2.11327e+06,0
deserialize,3447,0
mult,2.0589e+06,0
deserialize,3374,0
mult,2.05037e+06,0
deserialize,3507,0
mult,2.11448e+06,0
deserialize,3524,0
mult,2.12804e+06,0
deserialize,3330,0
mult,2.09361e+06,0
deserialize,3502,0
mult,2.04908e+06,0
deserialize,3271,0
mult,2.08939e+06,0
deserialize,3304,0
mult,2.12925e+06,0
deserialize,3740,0
mult,2.1289e+06,0
deserialize,3570,0
mult,2.05629e+06,0
deserialize,3501,0
mult,2.05494e+06,0
deserialize,3385,0
mult,2.09979e+06,0
deserialize,3430,0
mult,2.13855e+06,0
deserialize,3228,0
mult,2.09548e+06,0
deserialize,3386,0
mult,2.05298e+06,0
deserialize,3350,0
mult,2.08318e+06,0
deserialize,3602,0
mult,2.12093e+06,0
deserialize,3437,0
mult,2.11767e+06,0
deserialize,3420,0
mult,2.05493e+06,0
deserialize,3297,0
mult,2.05644e+06,0
deserialize,3718,0
mult,2.10539e+06,0
deserialize,3377,0
mult,2.12897e+06,0
deserialize,3563,0
mult,2.08464e+06,0
deserialize,3326,0
mult,2.05327e+06,0
deserialize,3401,0
mult,2.08559e+06,0
deserialize,3384,0
mult,2.13494e+06,0
deserialize,3502,0
mult,2.11846e+06,0
deserialize,3329,0
mult,2.05707e+06,0
deserialize,3348,0
mult,2.05055e+06,0
deserialize,3636,0
mult,2.10746e+06,0
deserialize,3746,0
mult,2.13328e+06,0
deserialize,3367,0
mult,2.10073e+06,0
deserialize,3532,0
mult,2.04667e+06,0
deserialize,3525,0
mult,2.08346e+06,0
deserialize,3483,0
mult,2.12011e+06,0
deserialize,3732,0
mult,2.11978e+06,0
deserialize,3313,0
mult,2.05887e+06,0
deserialize,3692,0
mult,2.05287e+06,0
deserialize,3387,0
mult,2.10661e+06,0
deserialize,3274,0
mult,2.12434e+06,0
deserialize,3451,0
mult,2.09125e+06,0
deserialize,3656,0
mult,2.04766e+06,0
deserialize,3630,0
mult,2.0894e+06,0
deserialize,3381,0
mult,2.12826e+06,0
deserialize,3435,0
mult,2.12261e+06,0
deserialize,3553,0
mult,2.05315e+06,0
deserialize,3526,0
mult,2.057e+06,0
deserialize,3470,0
mult,2.10282e+06,0
deserialize,3535,0
mult,2.13284e+06,0
deserialize,3157,0
mult,2.09051e+06,0
deserialize,3393,0
mult,2.05064e+06,0
deserialize,3465,0
mult,2.08136e+06,0
deserialize,3398,0
mult,2.12963e+06,0
deserialize,3489,0
mult,2.11362e+06,0
deserialize,3502,0
mult,2.05604e+06,0
deserialize,3411,0
mult,2.04959e+06,0
deserialize,3356,0
mult,2.10657e+06,0
deserialize,3424,0
mult,2.13608e+06,0
deserialize,3446,0
mult,2.08874e+06,0
deserialize,3419,0
mult,2.05126e+06,0
deserialize,3690,0
mult,2.07877e+06,0
deserialize,3260,0
mult,2.13238e+06,0
deserialize,3691,0
mult,2.11515e+06,0
deserialize,3588,0
mult,2.06117e+06,0
deserialize,3495,0
mult,2.05318e+06,0
deserialize,3353,0
mult,2.10576e+06,0
deserialize,3638,0
mult,2.12351e+06,0
deserialize,3386,0
mult,2.09698e+06,0
deserialize,3656,0
mult,2.0453e+06,0
deserialize,3389,0
mult,2.09159e+06,0
deserialize,3872,0
mult,2.12293e+06,0
deserialize,3338,0
mult,2.11668e+06,0
deserialize,3252,0
mult,2.04941e+06,0
deserialize,3335,0
mult,2.05968e+06,0
deserialize,3343,0
mult,2.10188e+06,0
deserialize,3233,0
mult,2.13763e+06,0
deserialize,3281,0
mult,2.08921e+06,0
deserialize,3343,0
mult,2.05244e+06,0
deserialize,3380,0
mult,2.08112e+06,0
deserialize,3511,0
mult,2.12882e+06,0
deserialize,3409,0
mult,2.12132e+06,0
deserialize,3473,0
mult,2.05559e+06,0
deserialize,3433,0
mult,2.05822e+06,0
deserialize,3530,0
mult,2.10279e+06,0
deserialize,3455,0
mult,2.14679e+06,0
deserialize,3507,0
mult,2.09137e+06,0
deserialize,3376,0
mult,2.05324e+06,0
deserialize,3323,0
mult,2.08488e+06,0
deserialize,3290,0
mult,2.12743e+06,0
deserialize,3502,0
mult,2.11342e+06,0
deserialize,3485,0
mult,2.05861e+06,0
deserialize,3307,0
mult,2.05496e+06,0
deserialize,3217,0
mult,2.10938e+06,0
deserialize,3453,0
mult,2.12762e+06,0
deserialize,3270,0
mult,2.09351e+06,0
deserialize,3559,0
mult,2.04918e+06,0
deserialize,3526,0
mult,2.0878e+06,0
deserialize,3303,0
mult,2.13467e+06,0
deserialize,3582,0
mult,2.11747e+06,0
deserialize,3550,0
mult,2.05746e+06,0
deserialize,3436,0
mult,2.05227e+06,0
deserialize,3310,0
mult,2.11065e+06,0
deserialize,3347,0
mult,2.13349e+06,0
deserialize,3194,0
mult,2.0972e+06,0
deserialize,3563,0
mult,2.04584e+06,0
deserialize,3327,0
mult,2.08666e+06,0
deserialize,3374,0
mult,2.12054e+06,0
deserialize,3256,0
mult,2.12301e+06,0
deserialize,3540,0
mult,2.05533e+06,0
deserialize,3240,0
mult,2.06117e+06,0
deserialize,3343,0
mult,2.10019e+06,0
deserialize,3371,0
mult,2.12843e+06,0
deserialize,3360,0
mult,2.08852e+06,0
deserialize,3770,0
mult,2.05475e+06,0
deserialize,3479,0
mult,2.08555e+06,0
deserialize,3320,0
mult,2.13198e+06,0
deserialize,3665,0
mult,2.11221e+06,0
deserialize,3492,0
mult,2.05648e+06,0
deserialize,3409,0
mult,2.04998e+06,0
deserialize,3532,0
mult,2.1119e+06,0
deserialize,3717,0
mult,2.13514e+06,0
deserialize,3392,0
mult,2.08775e+06,0
deserialize,3479,0
mult,2.05742e+06,0
deserialize,3615,0
mult,2.0848e+06,0
deserialize,3554,0
mult,2.1275e+06,0
deserialize,3353,0
mult,2.11474e+06,0
deserialize,3421,0
mult,2.05884e+06,0
deserialize,3430,0
mult,2.05173e+06,0
deserialize,3550,0
mult,2.10802e+06,0
deserialize,3300,0
mult,2.13232e+06,0
deserialize,3540,0
mult,2.1027e+06,0
deserialize,3422,0
mult,2.04453e+06,0
deserialize,3368,0
mult,2.09025e+06,0
deserialize,3646,0
mult,2.12375e+06,0
deserialize,3357,0
mult,9.80279e+06,0
deserialize,20789,0
mult,7.28138e+07,0
deserialize,6535,0
mult,6.36194e+07,0
deserialize,5908,0
mult,6.53317e+07,0
deserialize,22518,0
mult,2.59661e+07,0
deserialize,6377,0
mult,4.27655e+06,0
deserialize,4170,0
mult,2.05257e+06,0
deserialize,3611,0
mult,2.13744e+06,0
deserialize,3730,0
mult,2.03209e+06,0
deserialize,3586,0
mult,2.10996e+06,0
deserialize,3832,0
mult,2.03192e+06,0
deserialize,3533,0
mult,2.12657e+06,0
deserialize,3446,0
mult,2.03441e+06,0
deserialize,3421,0
mult,2.10061e+06,0
deserialize,3497,0
mult,2.03974e+06,0
deserialize,3937,0
mult,2.12131e+06,0
deserialize,3706,0
mult,2.03849e+06,0
deserialize,3606,0
mult,2.08761e+06,0
deserialize,3529,0
mult,2.04147e+06,0
deserialize,3571,0
mult,2.12806e+06,0
deserialize,3620,0
mult,2.04113e+06,0
deserialize,3467,0
mult,2.10516e+06,0
deserialize,3389,0
mult,2.03902e+06,0
deserialize,3454,0
mult,2.12601e+06,0
deserialize,3382,0
mult,2.04546e+06,0
deserialize,3509,0
mult,2.0905e+06,0
deserialize,3463,0
mult,2.0385e+06,0
deserialize,3566,0
mult,2.12069e+06,0
deserialize,3533,0
mult,2.03791e+06,0
deserialize,3549,0
mult,2.09389e+06,0
deserialize,3543,0
mult,2.04617e+06,0
deserialize,3742,0
mult,2.12391e+06,0
deserialize,3406,0
mult,2.03644e+06,0
deserialize,3521,0
mult,2.09927e+06,0
deserialize,3439,0
mult,2.04009e+06,0
deserialize,3415,0
mult,2.12639e+06,0
deserialize,3522,0
mult,2.04355e+06,0
deserialize,3460,0
mult,2.09527e+06,0
deserialize,4246,0
mult,1.95794e+06,0
deserialize,4159,0
mult,1.97372e+06,0
deserialize,4129,0
mult,1.98321e+06,0
deserialize,4199,0
mult,1.94758e+06,0
deserialize,3227,0
mult,1.9422e+06,0
gemm,2.68028e+09,0
wait_all,1.9175e+09,0
deserialize,6766,0
mult,2.21256e+06,0
deserialize,3783,0
mult,2.10219e+06,0
deserialize,3850,0
mult,2.04344e+06,0
deserialize,3377,0
mult,2.06031e+06,0
deserialize,3315,0
mult,2.10689e+06,0
deserialize,3746,0
mult,2.11851e+06,0
deserialize,3687,0
mult,2.0481e+06,0
deserialize,3507,0
mult,2.04801e+06,0
deserialize,3500,0
mult,2.08478e+06,0
deserialize,3255,0
mult,2.13558e+06,0
deserialize,3653,0
mult,2.09074e+06,0
deserialize,3473,0
mult,2.04963e+06,0
deserialize,3463,0
mult,2.04978e+06,0
deserialize,3279,0
mult,2.10885e+06,0
deserialize,3480,0
mult,2.12491e+06,0
deserialize,3451,0
mult,2.05411e+06,0
deserialize,3483,0
mult,2.04837e+06,0
deserialize,3477,0
mult,2.07784e+06,0
deserialize,3313,0
mult,2.12863e+06,0
deserialize,3570,0
mult,2.08893e+06,0
deserialize,3717,0
mult,2.04902e+06,0
deserialize,3374,0
mult,2.051e+06,0
deserialize,3298,0
mult,2.10806e+06,0
deserialize,3552,0
mult,2.11153e+06,0
deserialize,3400,0
mult,2.05605e+06,0
deserialize,3520,0
mult,2.04138e+06,0
deserialize,3457,0
mult,2.08989e+06,0
deserialize,3573,0
mult,2.12533e+06,0
deserialize,3650,0
mult,2.09494e+06,0
deserialize,3433,0
mult,2.04101e+06,0
deserialize,3346,0
mult,2.05748e+06,0
deserialize,3298,0
mult,2.10339e+06,0
deserialize,3563,0
mult,2.12053e+06,0
deserialize,3254,0
mult,2.05401e+06,0
deserialize,3220,0
mult,2.04518e+06,0
deserialize,3629,0
mult,2.08114e+06,0
deserialize,3297,0
mult,2.12992e+06,0
deserialize,3660,0
mult,2.08839e+06,0
deserialize,3547,0
mult,2.04233e+06,0
deserialize,3330,0
mult,2.05604e+06,0
deserialize,3213,0
mult,2.09997e+06,0
deserialize,3266,0
mult,2.12445e+06,0
deserialize,3414,0
mult,2.04796e+06,0
deserialize,3463,0
mult,2.04694e+06,0
deserialize,3590,0
mult,2.07943e+06,0
deserialize,3297,0
mult,2.13143e+06,0
deserialize,3438,0
mult,2.08865e+06,0
deserialize,3451,0
mult,2.05147e+06,0
deserialize,3673,0
mult,2.05268e+06,0
deserialize,3564,0
mult,2.10971e+06,0
deserialize,3438,0
mult,2.11035e+06,0
deserialize,3428,0
mult,2.05972e+06,0
deserialize,3281,0
mult,2.03936e+06,0
deserialize,3429,0
mult,2.09015e+06,0
deserialize,3374,0
mult,2.12504e+06,0
deserialize,3348,0
mult,2.09094e+06,0
deserialize,3353,0
mult,2.03966e+06,0
deserialize,3281,0
mult,2.0587e+06,0
deserialize,3427,0
mult,2.10038e+06,0
deserialize,3542,0
mult,2.1294e+06,0
deserialize,3469,0
mult,2.04986e+06,0
deserialize,3579,0
mult,2.05002e+06,0
deserialize,3706,0
mult,2.08414e+06,0
deserialize,3723,0
mult,2.12804e+06,0
deserialize,3326,0
mult,2.10345e+06,0
deserialize,3507,0
mult,2.04708e+06,0
deserialize,3353,0
mult,2.05954e+06,0
deserialize,3395,0
mult,2.10248e+06,0
deserialize,3235,0
mult,2.12311e+06,0
deserialize,3413,0
mult,2.05318e+06,0
deserialize,3209,0
mult,2.04435e+06,0
deserialize,3600,0
mult,2.0867e+06,0
deserialize,3387,0
mult,2.12827e+06,0
deserialize,3716,0
mult,2.08857e+06,0
deserialize,3277,0
mult,2.04884e+06,0
deserialize,3348,0
mult,2.05371e+06,0
deserialize,3472,0
mult,2.10661e+06,0
deserialize,3337,0
mult,2.11799e+06,0
deserialize,3574,0
mult,2.0574e+06,0
deserialize,3423,0
mult,2.04e+06,0
deserialize,3644,0
mult,2.08914e+06,0
deserialize,3486,0
mult,2.12618e+06,0
deserialize,3642,0
mult,2.09819e+06,0
deserialize,3446,0
mult,2.04534e+06,0
deserialize,3579,0
mult,2.05596e+06,0
deserialize,3404,0
mult,2.11263e+06,0
deserialize,3389,0
mult,2.12125e+06,0
deserialize,3456,0
mult,2.05701e+06,0
deserialize,3412,0
mult,2.037e+06,0
deserialize,3510,0
mult,2.08615e+06,0
deserialize,3518,0
mult,2.12061e+06,0
deserialize,3416,0
mult,2.09845e+06,0
deserialize,3337,0
mult,2.04804e+06,0
deserialize,3332,0
mult,2.06075e+06,0
deserialize,3394,0
mult,2.09879e+06,0
deserialize,3458,0
mult,2.11645e+06,0
deserialize,3940,0
mult,2.05128e+06,0
deserialize,3302,0
mult,2.04871e+06,0
deserialize,3430,0
mult,2.08422e+06,0
deserialize,3370,0
mult,2.1292e+06,0
deserialize,3578,0
mult,2.08552e+06,0
deserialize,3413,0
mult,2.0483e+06,0
deserialize,3259,0
mult,2.04714e+06,0
deserialize,3357,0
mult,2.11086e+06,0
deserialize,3377,0
mult,2.12053e+06,0
deserialize,3459,0
mult,2.05644e+06,0
deserialize,3629,0
mult,2.03554e+06,0
deserialize,3493,0
mult,2.08548e+06,0
deserialize,3675,0
mult,2.12725e+06,0
deserialize,3645,0
mult,2.09208e+06,0
deserialize,3751,0
mult,2.0569e+06,0
deserialize,3495,0
mult,2.05106e+06,0
deserialize,3573,0
mult,2.10511e+06,0
deserialize,3468,0
mult,2.11087e+06,0
deserialize,3692,0
mult,2.06063e+06,0
deserialize,3402,0
mult,2.04341e+06,0
deserialize,3353,0
mult,2.08972e+06,0
deserialize,3349,0
mult,2.12225e+06,0
deserialize,3549,0
mult,2.09109e+06,0
deserialize,3550,0
mult,2.04099e+06,0
deserialize,3570,0
mult,2.05439e+06,0
deserialize,3421,0
mult,2.10357e+06,0
deserialize,3515,0
mult,2.12741e+06,0
deserialize,3586,0
mult,2.04726e+06,0
deserialize,3346,0
mult,2.0423e+06,0
deserialize,3899,0
mult,2.08156e+06,0
deserialize,3393,0
mult,2.12835e+06,0
deserialize,3433,0
mult,2.08569e+06,0
deserialize,3310,0
mult,2.05354e+06,0
deserialize,3676,0
mult,2.04901e+06,0
deserialize,3453,0
mult,2.10712e+06,0
deserialize,3297,0
mult,2.11901e+06,0
deserialize,3657,0
mult,2.05352e+06,0
deserialize,3836,0
mult,2.04694e+06,0
deserialize,3457,0
mult,2.07917e+06,0
deserialize,3265,0
mult,2.12633e+06,0
deserialize,3489,0
mult,2.09084e+06,0
deserialize,3615,0
mult,2.04806e+06,0
deserialize,3502,0
mult,2.04597e+06,0
deserialize,3621,0
mult,2.10466e+06,0
deserialize,3360,0
mult,2.11908e+06,0
deserialize,3443,0
mult,2.05594e+06,0
deserialize,3736,0
mult,2.03895e+06,0
deserialize,3342,0
mult,2.08964e+06,0
deserialize,3533,0
mult,2.11947e+06,0
deserialize,3334,0
mult,2.09009e+06,0
deserialize,3516,0
mult,2.04631e+06,0
deserialize,3471,0
mult,2.05542e+06,0
deserialize,3759,0
mult,2.10709e+06,0
deserialize,3487,0
mult,2.1218e+06,0
deserialize,3612,0
mult,2.05022e+06,0
deserialize,3429,0
mult,2.04336e+06,0
deserialize,3550,0
mult,2.08704e+06,0
deserialize,3534,0
mult,2.12857e+06,0
deserialize,3305,0
mult,2.09852e+06,0
deserialize,3425,0
mult,2.0473e+06,0
deserialize,3252,0
mult,2.05524e+06,0
deserialize,3422,0
mult,2.09897e+06,0
deserialize,3517,0
mult,2.12883e+06,0
deserialize,3417,0
mult,2.05415e+06,0
deserialize,3379,0
mult,2.0459e+06,0
deserialize,3428,0
mult,2.08165e+06,0
deserialize,3300,0
mult,2.13048e+06,0
deserialize,3398,0
mult,2.0868e+06,0
deserialize,3304,0
mult,2.05127e+06,0
deserialize,3400,0
mult,2.05005e+06,0
deserialize,3256,0
mult,2.11167e+06,0
deserialize,3354,0
mult,2.11387e+06,0
deserialize,3449,0
mult,2.05651e+06,0
deserialize,3438,0
mult,2.03914e+06,0
deserialize,3573,0
mult,2.09283e+06,0
deserialize,3255,0
mult,2.12217e+06,0
deserialize,3655,0
mult,2.09526e+06,0
deserialize,3381,0
mult,2.04514e+06,0
deserialize,3655,0
mult,2.05639e+06,0
deserialize,3564,0
mult,2.10481e+06,0
deserialize,3330,0
mult,2.12837e+06,0
deserialize,3647,0
mult,2.05966e+06,0
deserialize,3585,0
mult,2.0406e+06,0
deserialize,3327,0
mult,2.08533e+06,0
deserialize,3455,0
mult,2.12655e+06,0
deserialize,3331,0
mult,2.09949e+06,0
deserialize,3556,0
mult,2.04229e+06,0
deserialize,3465,0
mult,2.05656e+06,0
deserialize,3570,0
mult,2.10022e+06,0
deserialize,3413,0
mult,2.11951e+06,0
deserialize,3400,0
mult,2.05319e+06,0
deserialize,3269,0
mult,2.04472e+06,0
deserialize,3361,0
mult,2.08556e+06,0
deserialize,3390,0
mult,2.12518e+06,0
deserialize,3383,0
mult,2.08478e+06,0
deserialize,3374,0
mult,2.04951e+06,0
deserialize,3346,0
mult,2.05114e+06,0
deserialize,3439,0
mult,2.1141e+06,0
deserialize,3338,0
mult,2.11682e+06,0
deserialize,3293,0
mult,2.05512e+06,0
deserialize,3536,0
mult,2.0387e+06,0
deserialize,3261,0
mult,2.0847e+06,0
deserialize,3429,0
mult,2.1275e+06,0
deserialize,3441,0
mult,2.09441e+06,0
deserialize,3663,0
mult,2.04377e+06,0
deserialize,3652,0
mult,2.05628e+06,0
deserialize,3346,0
mult,2.11056e+06,0
deserialize,3440,0
mult,2.11363e+06,0
deserialize,3362,0
mult,2.05397e+06,0
deserialize,3720,0
mult,2.04242e+06,0
deserialize,3616,0
mult,2.09004e+06,0
deserialize,3542,0
mult,2.12358e+06,0
deserialize,3465,0
mult,2.09983e+06,0
deserialize,3516,0
mult,2.04809e+06,0
deserialize,3375,0
mult,2.05212e+06,0
deserialize,3276,0
mult,2.10537e+06,0
deserialize,3322,0
mult,2.11965e+06,0
deserialize,3608,0
mult,9.85066e+06,0
deserialize,21290,0
mult,7.29253e+07,0
deserialize,6176,0
mult,6.33576e+07,0
deserialize,5410,0
mult,6.53694e+07,0
deserialize,21905,0
mult,2.58765e+07,0
deserialize,6148,0
mult,4.28959e+06,0
deserialize,4133,0
mult,2.05599e+06,0
deserialize,3750,0
mult,2.114e+06,0
deserialize,3526,0
mult,2.03771e+06,0
deserialize,3604,0
mult,2.11696e+06,0
deserialize,4010,0
mult,2.036e+06,0
deserialize,3593,0
mult,2.11084e+06,0
deserialize,3692,0
mult,2.03404e+06,0
deserialize,3692,0
mult,2.11544e+06,0
deserialize,3488,0
mult,2.03485e+06,0
deserialize,3573,0
mult,2.10954e+06,0
deserialize,3849,0
mult,2.03543e+06,0
deserialize,3517,0
mult,2.11174e+06,0
deserialize,3582,0
mult,2.03456e+06,0
deserialize,3450,0
mult,2.11336e+06,0
deserialize,3468,0
mult,2.0348e+06,0
deserialize,3512,0
mult,2.1228e+06,0
deserialize,3597,0
mult,2.02953e+06,0
deserialize,3404,0
mult,2.12452e+06,0
deserialize,3476,0
mult,2.03108e+06,0
deserialize,3450,0
mult,2.11864e+06,0
deserialize,3601,0
mult,2.03069e+06,0
deserialize,3597,0
mult,2.11552e+06,0
deserialize,3815,0
mult,2.03017e+06,0
deserialize,3386,0
mult,2.12486e+06,0
deserialize,3796,0
mult,2.02987e+06,0
deserialize,3459,0
mult,2.11938e+06,0
deserialize,3495,0
mult,2.02759e+06,0
deserialize,3387,0
mult,2.11835e+06,0
deserialize,3450,0
mult,2.03003e+06,0
deserialize,3456,0
mult,2.12342e+06,0
deserialize,3598,0
mult,2.02911e+06,0
deserialize,3424,0
mult,2.11731e+06,0
deserialize,3727,0
mult,2.02779e+06,0
deserialize,4278,0
mult,2.05312e+06,0
deserialize,3740,0
mult,1.88522e+06,0
deserialize,4060,0
mult,2.01638e+06,0
deserialize,3958,0
mult,1.88809e+06,0
gemm,2.67073e+09,0
wait_all,1.90742e+09,0
deserialize,6736,0
mult,2.22657e+06,0
deserialize,3926,0
mult,2.05132e+06,0
deserialize,3640,0
mult,2.06849e+06,0
deserialize,3786,0
mult,2.08632e+06,0
deserialize,3390,0
mult,2.1334e+06,0
deserialize,3578,0
mult,2.09231e+06,0
deserialize,3729,0
mult,2.04472e+06,0
deserialize,3486,0
mult,2.05577e+06,0
deserialize,3604,0
mult,2.10504e+06,0
deserialize,3485,0
mult,2.12666e+06,0
deserialize,3471,0
mult,2.05366e+06,0
deserialize,3307,0
mult,2.06592e+06,0
deserialize,3521,0
mult,2.08079e+06,0
deserialize,3448,0
mult,2.12748e+06,0
deserialize,3539,0
mult,2.09392e+06,0
deserialize,3380,0
mult,2.05535e+06,0
deserialize,3476,0
mult,2.0546e+06,0
deserialize,3431,0
mult,2.10655e+06,0
deserialize,3345,0
mult,2.11226e+06,0
deserialize,3370,0
mult,2.05799e+06,0
deserialize,3475,0
mult,2.05359e+06,0
deserialize,3359,0
mult,2.09168e+06,0
deserialize,3407,0
mult,2.12212e+06,0
deserialize,3540,0
mult,2.08931e+06,0
deserialize,3299,0
mult,2.04355e+06,0
deserialize,3403,0
mult,2.05742e+06,0
deserialize,3550,0
mult,2.1034e+06,0
deserialize,3412,0
mult,2.11888e+06,0
deserialize,3460,0
mult,2.05943e+06,0
deserialize,3585,0
mult,2.06271e+06,0
deserialize,3485,0
mult,2.0864e+06,0
deserialize,3463,0
mult,2.12282e+06,0
deserialize,3426,0
mult,2.09311e+06,0
deserialize,3458,0
mult,2.04945e+06,0
deserialize,3355,0
mult,2.05847e+06,0
deserialize,3405,0
mult,2.10444e+06,0
deserialize,3547,0
mult,2.12019e+06,0
deserialize,3615,0
mult,2.0541e+06,0
deserialize,3554,0
mult,2.05887e+06,0
deserialize,3558,0
mult,2.08279e+06,0
deserialize,3229,0
mult,2.12927e+06,0
deserialize,3587,0
mult,2.08778e+06,0
deserialize,3601,0
mult,2.04988e+06,0
deserialize,3359,0
mult,2.0505e+06,0
deserialize,3519,0
mult,2.10508e+06,0
deserialize,3623,0
mult,2.11776e+06,0
deserialize,3470,0
mult,2.059e+06,0
deserialize,3426,0
mult,2.06192e+06,0
deserialize,3442,0
mult,2.09056e+06,0
deserialize,3413,0
mult,2.12423e+06,0
deserialize,3413,0
mult,2.08487e+06,0
deserialize,3376,0
mult,2.0551e+06,0
deserialize,3673,0
mult,2.05171e+06,0
deserialize,3661,0
mult,2.11451e+06,0
deserialize,3413,0
mult,2.11587e+06,0
deserialize,3594,0
mult,2.0568e+06,0
deserialize,3581,0
mult,2.05722e+06,0
deserialize,3508,0
mult,2.09128e+06,0
deserialize,3566,0
mult,2.12267e+06,0
deserialize,3589,0
mult,2.09693e+06,0
deserialize,3377,0
mult,2.04648e+06,0
deserialize,3359,0
mult,2.06253e+06,0
deserialize,3461,0
mult,2.09746e+06,0
deserialize,3290,0
mult,2.12896e+06,0
deserialize,3723,0
mult,2.05422e+06,0
deserialize,3391,0
mult,2.06235e+06,0
deserialize,3397,0
mult,2.08478e+06,0
deserialize,3620,0
mult,2.12684e+06,0
deserialize,3410,0
mult,2.08869e+06,0
deserialize,3360,0
mult,2.05513e+06,0
deserialize,3457,0
mult,2.05134e+06,0
deserialize,3320,0
mult,2.11353e+06,0
deserialize,3520,0
mult,2.12176e+06,0
deserialize,3555,0
mult,2.05096e+06,0
deserialize,3294,0
mult,2.062e+06,0
deserialize,3767,0
mult,2.08655e+06,0
deserialize,3649,0
mult,2.1284e+06,0
deserialize,3479,0
mult,2.09053e+06,0
deserialize,3484,0
mult,2.05109e+06,0
deserialize,3520,0
mult,2.05391e+06,0
deserialize,3716,0
mult,2.10829e+06,0
deserialize,3427,0
mult,2.11986e+06,0
deserialize,3449,0
mult,2.06089e+06,0
deserialize,3330,0
mult,2.05761e+06,0
deserialize,3702,0
mult,2.0868e+06,0
deserialize,3629,0
mult,2.12601e+06,0
deserialize,3332,0
mult,2.10118e+06,0
deserialize,3571,0
mult,2.04575e+06,0
deserialize,3583,0
mult,2.05585e+06,0
deserialize,3466,0
mult,2.10189e+06,0
deserialize,3345,0
mult,2.11992e+06,0
deserialize,3766,0
mult,2.0527e+06,0
deserialize,3348,0
mult,2.06309e+06,0
deserialize,3466,0
mult,2.08614e+06,0
deserialize,3648,0
mult,2.12684e+06,0
deserialize,3394,0
mult,2.09096e+06,0
deserialize,3497,0
mult,2.04424e+06,0
deserialize,3310,0
mult,2.05955e+06,0
deserialize,3533,0
mult,2.10644e+06,0
deserialize,3847,0
mult,2.12242e+06,0
deserialize,3683,0
mult,2.05128e+06,0
deserialize,3309,0
mult,2.06168e+06,0
deserialize,3375,0
mult,2.07933e+06,0
deserialize,3223,0
mult,2.13167e+06,0
deserialize,3373,0
mult,2.09552e+06,0
deserialize,3652,0
mult,2.0533e+06,0
deserialize,3599,0
mult,2.04943e+06,0
deserialize,3295,0
mult,2.10745e+06,0
deserialize,3635,0
mult,2.11499e+06,0
deserialize,3558,0
mult,2.05817e+06,0
deserialize,3586,0
mult,2.0601e+06,0
deserialize,3664,0
mult,2.08984e+06,0
deserialize,3536,0
mult,2.12107e+06,0
deserialize,3467,0
mult,2.08889e+06,0
deserialize,3590,0
mult,2.04655e+06,0
deserialize,3355,0
mult,2.05903e+06,0
deserialize,3407,0
mult,2.10451e+06,0
deserialize,3663,0
mult,2.11939e+06,0
deserialize,3620,0
mult,2.05609e+06,0
deserialize,3338,0
mult,2.05539e+06,0
deserialize,3603,0
mult,2.08677e+06,0
deserialize,3420,0
mult,2.12347e+06,0
deserialize,3431,0
mult,2.10232e+06,0
deserialize,3401,0
mult,2.04543e+06,0
deserialize,3609,0
mult,2.05716e+06,0
deserialize,3567,0
mult,2.10146e+06,0
deserialize,3745,0
mult,2.12197e+06,0
deserialize,3348,0
mult,2.0494e+06,0
deserialize,3456,0
mult,2.06538e+06,0
deserialize,3278,0
mult,2.08206e+06,0
deserialize,3384,0
mult,2.12849e+06,0
deserialize,3310,0
mult,2.0885e+06,0
deserialize,3548,0
mult,2.05159e+06,0
deserialize,3728,0
mult,2.05013e+06,0
deserialize,3724,0
mult,2.10663e+06,0
deserialize,3395,0
mult,2.11149e+06,0
deserialize,3457,0
mult,2.06021e+06,0
deserialize,3378,0
mult,2.05607e+06,0
deserialize,3497,0
mult,2.0866e+06,0
deserialize,3512,0
mult,2.12373e+06,0
deserialize,3326,0
mult,2.09187e+06,0
deserialize,3645,0
mult,2.05047e+06,0
deserialize,3390,0
mult,2.05732e+06,0
deserialize,3730,0
mult,2.10926e+06,0
deserialize,3525,0
mult,2.11276e+06,0
deserialize,3364,0
mult,2.05452e+06,0
deserialize,3697,0
mult,2.06054e+06,0
deserialize,3479,0
mult,2.08614e+06,0
deserialize,3708,0
mult,2.1287e+06,0
deserialize,3434,0
mult,2.09685e+06,0
deserialize,3527,0
mult,2.04518e+06,0
deserialize,3477,0
mult,2.05554e+06,0
deserialize,3459,0
mult,2.10735e+06,0
deserialize,3327,0
mult,2.12072e+06,0
deserialize,3493,0
mult,2.05683e+06,0
deserialize,3326,0
mult,2.06305e+06,0
deserialize,3743,0
mult,2.08178e+06,0
deserialize,3613,0
mult,2.12323e+06,0
deserialize,3620,0
mult,2.09184e+06,0
deserialize,3444,0
mult,2.04936e+06,0
deserialize,3570,0
mult,2.05628e+06,0
deserialize,3408,0
mult,2.10744e+06,0
deserialize,3510,0
mult,2.11905e+06,0
deserialize,3448,0
mult,2.04703e+06,0
deserialize,3354,0
mult,2.067e+06,0
deserialize,3698,0
mult,2.08325e+06,0
deserialize,3389,0
mult,2.13291e+06,0
deserialize,3512,0
mult,2.08799e+06,0
deserialize,3551,0
mult,2.0491e+06,0
deserialize,3612,0
mult,2.05184e+06,0
deserialize,3399,0
mult,2.11203e+06,0
deserialize,3449,0
mult,2.11499e+06,0
deserialize,3507,0
mult,2.05921e+06,0
deserialize,3654,0
mult,2.05385e+06,0
deserialize,3285,0
mult,2.0902e+06,0
deserialize,3503,0
mult,2.12498e+06,0
deserialize,3347,0
mult,2.09799e+06,0
deserialize,3670,0
mult,2.04534e+06,0
deserialize,3396,0
mult,2.05841e+06,0
deserialize,3547,0
mult,2.10208e+06,0
deserialize,3486,0
mult,2.12243e+06,0
deserialize,3490,0
mult,2.05213e+06,0
deserialize,3500,0
mult,2.06846e+06,0
deserialize,3810,0
mult,2.08256e+06,0
deserialize,3793,0
mult,2.13057e+06,0
deserialize,3663,0
mult,2.0933e+06,0
deserialize,3593,0
mult,2.04598e+06,0
deserialize,3474,0
mult,2.05978e+06,0
deserialize,3517,0
mult,2.10797e+06,0
deserialize,3609,0
mult,2.11848e+06,0
deserialize,3410,0
mult,2.05022e+06,0
deserialize,3400,0
mult,2.06068e+06,0
deserialize,3672,0
mult,2.08678e+06,0
deserialize,3274,0
mult,2.13326e+06,0
deserialize,3597,0
mult,2.09073e+06,0
deserialize,3434,0
mult,2.04875e+06,0
deserialize,3581,0
mult,2.05089e+06,0
deserialize,3610,0
mult,2.10677e+06,0
deserialize,3402,0
mult,2.1185e+06,0
deserialize,3459,0
mult,2.0574e+06,0
deserialize,3468,0
mult,2.06216e+06,0
deserialize,3671,0
mult,2.09229e+06,0
deserialize,3554,0
mult,2.1283e+06,0
deserialize,3598,0
mult,2.09206e+06,0
deserialize,3650,0
mult,2.04431e+06,0
deserialize,3371,0
mult,2.05897e+06,0
deserialize,3586,0
mult,2.10729e+06,0
deserialize,3450,0
mult,2.12128e+06,0
deserialize,3443,0
mult,2.05954e+06,0
deserialize,3558,0
mult,2.05526e+06,0
deserialize,3550,0
mult,2.08393e+06,0
deserialize,3534,0
mult,2.12612e+06,0
deserialize,3481,0
mult,2.09551e+06,0
deserialize,3757,0
mult,9.87747e+06,0
deserialize,6218,0
mult,7.3114e+07,0
deserialize,7476,0
mult,6.37521e+07,0
deserialize,6250,0
mult,6.57478e+07,0
deserialize,21861,0
mult,2.57148e+07,0
deserialize,6452,0
mult,4.27003e+06,0
deserialize,4294,0
mult,2.05683e+06,0
deserialize,3920,0
mult,2.08814e+06,0
deserialize,3571,0
mult,2.03812e+06,0
deserialize,3874,0
mult,2.12175e+06,0
deserialize,3607,0
mult,2.03639e+06,0
deserialize,3683,0
mult,2.08209e+06,0
deserialize,3902,0
mult,2.03563e+06,0
deserialize,3794,0
mult,2.12194e+06,0
deserialize,3494,0
mult,2.03582e+06,0
deserialize,3738,0
mult,2.08241e+06,0
deserialize,3546,0
mult,2.03706e+06,0
deserialize,3706,0
mult,2.12498e+06,0
deserialize,3618,0
mult,2.04202e+06,0
deserialize,3660,0
mult,2.09458e+06,0
deserialize,3797,0
mult,2.02956e+06,0
deserialize,3714,0
mult,2.1311e+06,0
deserialize,4000,0
mult,2.03159e+06,0
deserialize,3477,0
mult,2.10263e+06,0
deserialize,3534,0
mult,2.03096e+06,0
deserialize,3531,0
mult,2.1276e+06,0
deserialize,3577,0
mult,2.0292e+06,0
deserialize,3688,0
mult,2.08955e+06,0
deserialize,3649,0
mult,2.02995e+06,0
deserialize,3515,0
mult,2.13031e+06,0
deserialize,3754,0
mult,2.02973e+06,0
deserialize,3657,0
mult,2.09281e+06,0
deserialize,3577,0
mult,2.02765e+06,0
deserialize,4380,0
mult,2.07123e+06,0
deserialize,4418,0
mult,1.88864e+06,0
deserialize,4438,0
mult,2.02035e+06,0
deserialize,4116,0
mult,1.88658e+06,0
deserialize,4694,0
mult,2.04254e+06,0
deserialize,4597,0
mult,1.8836e+06,0
deserialize,4351,0
mult,2.01705e+06,0
deserialize,4523,0
mult,1.88752e+06,0
deserialize,4289,0
mult,2.024e+06,0
deserialize,4304,0
mult,1.88623e+06,0
gemm,2.73763e+09,0
wait_all,1.97134e+09,0
deserialize,6361,0
mult,2.18841e+06,0
deserialize,4372,0
mult,2.06338e+06,0
deserialize,3734,0
mult,2.05232e+06,0
deserialize,3193,0
mult,2.11713e+06,0
deserialize,3585,0
mult,2.12026e+06,0
deserialize,3263,0
mult,2.05785e+06,0
deserialize,3324,0
mult,2.03873e+06,0
deserialize,3230,0
mult,2.08562e+06,0
deserialize,3314,0
mult,2.12597e+06,0
deserialize,3413,0
mult,2.10422e+06,0
deserialize,3732,0
mult,2.04407e+06,0
deserialize,3280,0
mult,2.05428e+06,0
deserialize,3683,0
mult,2.09804e+06,0
deserialize,3173,0
mult,2.12088e+06,0
deserialize,3395,0
mult,2.05235e+06,0
deserialize,3110,0
mult,2.04875e+06,0
deserialize,3641,0
mult,2.08426e+06,0
deserialize,3273,0
mult,2.12481e+06,0
deserialize,3280,0
mult,2.09216e+06,0
deserialize,3399,0
mult,2.045e+06,0
deserialize,3550,0
mult,2.05698e+06,0
deserialize,3467,0
mult,2.1062e+06,0
deserialize,3253,0
mult,2.12155e+06,0
deserialize,3324,0
mult,2.05136e+06,0
deserialize,3666,0
mult,2.04648e+06,0
deserialize,3285,0
mult,2.08006e+06,0
deserialize,3289,0
mult,2.13094e+06,0
deserialize,3200,0
mult,2.09165e+06,0
deserialize,3559,0
mult,2.05066e+06,0
deserialize,3930,0
mult,2.04889e+06,0
deserialize,3300,0
mult,2.10693e+06,0
deserialize,3575,0
mult,2.11405e+06,0
deserialize,3311,0
mult,2.05455e+06,0
deserialize,3168,0
mult,2.03958e+06,0
deserialize,3192,0
mult,2.08729e+06,0
deserialize,3307,0
mult,2.12204e+06,0
deserialize,3152,0
mult,2.09332e+06,0
deserialize,3589,0
mult,2.04403e+06,0
deserialize,3264,0
mult,2.05423e+06,0
deserialize,3529,0
mult,2.10305e+06,0
deserialize,3216,0
mult,2.12076e+06,0
deserialize,3384,0
mult,2.05865e+06,0
deserialize,3547,0
mult,2.04109e+06,0
deserialize,3264,0
mult,2.0861e+06,0
deserialize,3362,0
mult,2.11984e+06,0
deserialize,3228,0
mult,2.09695e+06,0
deserialize,3763,0
mult,2.04269e+06,0
deserialize,3268,0
mult,2.06036e+06,0
deserialize,3592,0
mult,2.10381e+06,0
deserialize,3371,0
mult,2.11985e+06,0
deserialize,3494,0
mult,2.04918e+06,0
deserialize,3487,0
mult,2.04553e+06,0
deserialize,3279,0
mult,2.0787e+06,0
deserialize,3319,0
mult,2.13316e+06,0
deserialize,3283,0
mult,2.09119e+06,0
deserialize,3277,0
mult,2.0468e+06,0
deserialize,3337,0
mult,2.04669e+06,0
deserialize,3209,0
mult,2.11324e+06,0
deserialize,3483,0
mult,2.11488e+06,0
deserialize,3316,0
mult,2.06174e+06,0
deserialize,3300,0
mult,2.04243e+06,0
deserialize,3315,0
mult,2.09093e+06,0
deserialize,3434,0
mult,2.11926e+06,0
deserialize,3274,0
mult,2.10098e+06,0
deserialize,3494,0
mult,2.04815e+06,0
deserialize,3407,0
mult,2.05671e+06,0
deserialize,3267,0
mult,2.1074e+06,0
deserialize,3500,0
mult,2.11305e+06,0
deserialize,3532,0
mult,2.05549e+06,0
deserialize,3579,0
mult,2.04022e+06,0
deserialize,3410,0
mult,2.08684e+06,0
deserialize,3354,0
mult,2.12731e+06,0
deserialize,3575,0
mult,2.09623e+06,0
deserialize,3476,0
mult,2.04096e+06,0
deserialize,3457,0
mult,2.0548e+06,0
deserialize,3488,0
mult,2.10774e+06,0
deserialize,3333,0
mult,2.12383e+06,0
deserialize,3368,0
mult,2.05565e+06,0
deserialize,3473,0
mult,2.04774e+06,0
deserialize,3266,0
mult,2.08218e+06,0
deserialize,3391,0
mult,2.13006e+06,0
deserialize,3823,0
mult,2.09135e+06,0
deserialize,3439,0
mult,2.04937e+06,0
deserialize,3294,0
mult,2.04963e+06,0
deserialize,3477,0
mult,2.10503e+06,0
deserialize,3376,0
mult,2.11619e+06,0
deserialize,3461,0
mult,2.05876e+06,0
deserialize,3391,0
mult,2.04564e+06,0
deserialize,3472,0
mult,2.08003e+06,0
deserialize,3585,0
mult,2.12542e+06,0
deserialize,3466,0
mult,2.08692e+06,0
deserialize,3329,0
mult,2.04942e+06,0
deserialize,3507,0
mult,2.04874e+06,0
deserialize,3653,0
mult,2.11274e+06,0
deserialize,3413,0
mult,2.11309e+06,0
deserialize,3576,0
mult,2.05589e+06,0
deserialize,3658,0
mult,2.04015e+06,0
deserialize,3404,0
mult,2.09045e+06,0
deserialize,3378,0
mult,2.12919e+06,0
deserialize,3436,0
mult,2.09464e+06,0
deserialize,3657,0
mult,2.04291e+06,0
deserialize,3334,0
mult,2.05431e+06,0
deserialize,3719,0
mult,2.09826e+06,0
deserialize,3393,0
mult,2.12309e+06,0
deserialize,3531,0
mult,2.05513e+06,0
deserialize,3307,0
mult,2.04718e+06,0
deserialize,3598,0
mult,2.07626e+06,0
deserialize,3329,0
mult,2.12604e+06,0
deserialize,3984,0
mult,2.08671e+06,0
deserialize,3373,0
mult,2.04939e+06,0
deserialize,3314,0
mult,2.05546e+06,0
deserialize,3429,0
mult,2.10621e+06,0
deserialize,3590,0
mult,2.11862e+06,0
deserialize,3279,0
mult,2.048e+06,0
deserialize,3800,0
mult,2.04407e+06,0
deserialize,3448,0
mult,2.08427e+06,0
deserialize,3535,0
mult,2.13219e+06,0
deserialize,3272,0
mult,2.08689e+06,0
deserialize,3416,0
mult,2.04973e+06,0
deserialize,3550,0
mult,2.04972e+06,0
deserialize,3438,0
mult,2.10634e+06,0
deserialize,3580,0
mult,2.1155e+06,0
deserialize,3303,0
mult,2.06319e+06,0
deserialize,3764,0
mult,2.04077e+06,0
deserialize,3432,0
mult,2.08657e+06,0
deserialize,3587,0
mult,2.12153e+06,0
deserialize,3535,0
mult,2.09551e+06,0
deserialize,3668,0
mult,2.04157e+06,0
deserialize,3319,0
mult,2.05608e+06,0
deserialize,3405,0
mult,2.10073e+06,0
deserialize,3504,0
mult,2.1214e+06,0
deserialize,3321,0
mult,2.04825e+06,0
deserialize,3518,0
mult,2.04289e+06,0
deserialize,3359,0
mult,2.07948e+06,0
deserialize,3326,0
mult,2.12816e+06,0
deserialize,3301,0
mult,2.09131e+06,0
deserialize,3416,0
mult,2.04652e+06,0
deserialize,3440,0
mult,2.056e+06,0
deserialize,3321,0
mult,2.10067e+06,0
deserialize,3340,0
mult,2.11719e+06,0
deserialize,3410,0
mult,2.05344e+06,0
deserialize,3327,0
mult,2.04581e+06,0
deserialize,3650,0
mult,2.08601e+06,0
deserialize,3371,0
mult,2.12963e+06,0
deserialize,3505,0
mult,2.08572e+06,0
deserialize,3330,0
mult,2.04609e+06,0
deserialize,3586,0
mult,2.05144e+06,0
deserialize,3350,0
mult,2.10656e+06,0
deserialize,3479,0
mult,2.12141e+06,0
deserialize,3537,0
mult,2.0556e+06,0
deserialize,3427,0
mult,2.03961e+06,0
deserialize,3247,0
mult,2.08297e+06,0
deserialize,3660,0
mult,2.12863e+06,0
deserialize,3211,0
mult,2.09448e+06,0
deserialize,3314,0
mult,2.04705e+06,0
deserialize,3400,0
mult,2.05693e+06,0
deserialize,3487,0
mult,2.10138e+06,0
deserialize,3255,0
mult,2.11437e+06,0
deserialize,3398,0
mult,2.0598e+06,0
deserialize,3521,0
mult,2.03836e+06,0
deserialize,3336,0
mult,2.09206e+06,0
deserialize,3564,0
mult,2.12139e+06,0
deserialize,3342,0
mult,2.09502e+06,0
deserialize,3334,0
mult,2.04361e+06,0
deserialize,3480,0
mult,2.06081e+06,0
deserialize,3476,0
mult,2.1031e+06,0
deserialize,3289,0
mult,2.12738e+06,0
deserialize,3445,0
mult,2.05114e+06,0
deserialize,3465,0
mult,2.04595e+06,0
deserialize,3249,0
mult,2.08416e+06,0
deserialize,3357,0
mult,2.13492e+06,0
deserialize,3432,0
mult,2.09034e+06,0
deserialize,3583,0
mult,2.05057e+06,0
deserialize,3294,0
mult,2.04766e+06,0
deserialize,3343,0
mult,2.11002e+06,0
deserialize,3563,0
mult,2.11663e+06,0
deserialize,3365,0
mult,2.05946e+06,0
deserialize,3337,0
mult,2.03906e+06,0
deserialize,3185,0
mult,2.08535e+06,0
deserialize,3533,0
mult,2.11953e+06,0
deserialize,3340,0
mult,2.098e+06,0
deserialize,3268,0
mult,2.0499e+06,0
deserialize,3320,0
mult,2.05368e+06,0
deserialize,3414,0
mult,2.11156e+06,0
deserialize,3483,0
mult,2.11459e+06,0
deserialize,3192,0
mult,2.05771e+06,0
deserialize,3764,0
mult,2.04217e+06,0
deserialize,3447,0
mult,2.09087e+06,0
deserialize,3310,0
mult,2.12739e+06,0
deserialize,3205,0
mult,2.09178e+06,0
deserialize,3353,0
mult,2.04186e+06,0
deserialize,3738,0
mult,2.05331e+06,0
deserialize,3533,0
mult,2.10588e+06,0
deserialize,3403,0
mult,2.12506e+06,0
deserialize,3430,0
mult,2.05129e+06,0
deserialize,3216,0
mult,2.15558e+06,0
deserialize,3505,0
mult,2.07805e+06,0
deserialize,3359,0
mult,2.12504e+06,0
deserialize,3497,0
mult,2.09239e+06,0
deserialize,3545,0
mult,2.05047e+06,0
deserialize,3536,0
mult,2.05205e+06,0
deserialize,3263,0
mult,2.11248e+06,0
deserialize,3383,0
mult,2.12629e+06,0
deserialize,3368,0
mult,2.05296e+06,0
deserialize,3305,0
mult,2.04606e+06,0
deserialize,3466,0
mult,2.08178e+06,0
deserialize,3317,0
mult,2.13426e+06,0
deserialize,3612,0
mult,2.09162e+06,0
deserialize,3375,0
mult,2.04923e+06,0
deserialize,3403,0
mult,2.05619e+06,0
deserialize,3516,0
mult,2.10187e+06,0
deserialize,3478,0
mult,2.11668e+06,0
deserialize,3361,0
mult,2.05639e+06,0
deserialize,3355,0
mult,9.92511e+06,0
deserialize,5837,0
mult,7.29854e+07,0
deserialize,7068,0
mult,6.36993e+07,0
deserialize,6016,0
mult,6.59698e+07,0
deserialize,22411,0
mult,2.58453e+07,0
deserialize,6157,0
mult,4.29385e+06,0
deserialize,4317,0
mult,2.14658e+06,0
deserialize,3974,0
mult,2.18082e+06,0
deserialize,3644,0
mult,2.12346e+06,0
deserialize,3549,0
mult,2.23765e+06,0
deserialize,3874,0
mult,2.12675e+06,0
deserialize,3340,0
mult,2.1772e+06,0
deserialize,3738,0
mult,2.11956e+06,0
deserialize,3514,0
mult,2.23652e+06,0
deserialize,3745,0
mult,2.12496e+06,0
deserialize,3667,0
mult,2.17627e+06,0
deserialize,3600,0
mult,2.12039e+06,0
deserialize,3464,0
mult,2.23275e+06,0
deserialize,3726,0
mult,2.12349e+06,0
deserialize,3501,0
mult,2.18048e+06,0
deserialize,3644,0
mult,2.13204e+06,0
deserialize,3437,0
mult,2.23155e+06,0
deserialize,3820,0
mult,2.1316e+06,0
deserialize,3410,0
mult,2.17546e+06,0
deserialize,3623,0
mult,2.13283e+06,0
deserialize,3453,0
mult,2.22847e+06,0
deserialize,3513,0
mult,2.12797e+06,0
deserialize,3500,0
mult,2.17158e+06,0
deserialize,3440,0
mult,2.13129e+06,0
deserialize,3614,0
mult,2.23178e+06,0
deserialize,3554,0
mult,2.13322e+06,0
deserialize,3440,0
mult,2.18707e+06,0
deserialize,3327,0
mult,1.98867e+06,0
deserialize,3945,0
mult,2.11672e+06,0
deserialize,4246,0
mult,1.98192e+06,0
deserialize,3792,0
mult,2.07083e+06,0
deserialize,4250,0
mult,1.97654e+06,0
deserialize,4017,0
mult,2.11843e+06,0
deserialize,4296,0
mult,1.9701e+06,0
deserialize,3957,0
mult,2.11464e+06,0
deserialize,4115,0
mult,1.98108e+06,0
deserialize,3798,0
mult,2.12325e+06,0
deserialize,4057,0
mult,1.97716e+06,0
gemm,2.65543e+09,0
wait_all,1.88896e+09,0
deserialize,7082,0
mult,2.20873e+06,0
deserialize,4065,0
mult,2.08493e+06,0
deserialize,3494,0
mult,2.11994e+06,0
deserialize,3426,0
mult,2.13513e+06,0
deserialize,3616,0
mult,2.10078e+06,0
deserialize,3647,0
mult,2.09046e+06,0
deserialize,3233,0
mult,2.09024e+06,0
deserialize,3264,0
mult,2.11849e+06,0
deserialize,3484,0
mult,2.12301e+06,0
deserialize,3381,0
mult,2.05872e+06,0
deserialize,3480,0
mult,2.09988e+06,0
deserialize,3345,0
mult,2.10588e+06,0
deserialize,3426,0
mult,2.1302e+06,0
deserialize,3320,0
mult,2.09001e+06,0
deserialize,3265,0
mult,2.09006e+06,0
deserialize,3411,0
mult,2.09188e+06,0
deserialize,3326,0
mult,2.1412e+06,0
deserialize,3453,0
mult,2.11831e+06,0
deserialize,3487,0
mult,2.05517e+06,0
deserialize,3289,0
mult,2.09242e+06,0
deserialize,3312,0
mult,2.11062e+06,0
deserialize,3400,0
mult,2.13817e+06,0
deserialize,3586,0
mult,2.08579e+06,0
deserialize,3435,0
mult,2.10693e+06,0
deserialize,3440,0
mult,2.08431e+06,0
deserialize,3442,0
mult,2.1279e+06,0
deserialize,3362,0
mult,2.1138e+06,0
deserialize,3233,0
mult,2.0653e+06,0
deserialize,3795,0
mult,2.08844e+06,0
deserialize,3402,0
mult,2.11001e+06,0
deserialize,3254,0
mult,2.12533e+06,0
deserialize,3456,0
mult,2.09792e+06,0
deserialize,3600,0
mult,2.0783e+06,0
deserialize,3227,0
mult,2.09719e+06,0
deserialize,3499,0
mult,2.11902e+06,0
deserialize,3307,0
mult,2.12066e+06,0
deserialize,3218,0
mult,2.06189e+06,0
deserialize,3526,0
mult,2.08782e+06,0
deserialize,3353,0
mult,2.11021e+06,0
deserialize,3426,0
mult,2.12994e+06,0
deserialize,3511,0
mult,2.09194e+06,0
deserialize,3348,0
mult,2.0969e+06,0
deserialize,3265,0
mult,2.09428e+06,0
deserialize,3345,0
mult,2.11886e+06,0
deserialize,3328,0
mult,2.11764e+06,0
deserialize,3316,0
mult,2.05761e+06,0
deserialize,3265,0
mult,2.09359e+06,0
deserialize,3344,0
mult,2.11061e+06,0
deserialize,3333,0
mult,2.13469e+06,0
deserialize,3385,0
mult,2.08781e+06,0
deserialize,3194,0
mult,2.08886e+06,0
deserialize,3580,0
mult,2.0908e+06,0
deserialize,3204,0
mult,2.12624e+06,0
deserialize,3703,0
mult,2.12155e+06,0
deserialize,3309,0
mult,2.06565e+06,0
deserialize,3330,0
mult,2.09032e+06,0
deserialize,3185,0
mult,2.10205e+06,0
deserialize,3393,0
mult,2.13728e+06,0
deserialize,3584,0
mult,2.08744e+06,0
deserialize,3398,0
mult,2.09466e+06,0
deserialize,3335,0
mult,2.09226e+06,0
deserialize,3570,0
mult,2.12736e+06,0
deserialize,3449,0
mult,2.11103e+06,0
deserialize,3477,0
mult,2.06664e+06,0
deserialize,3369,0
mult,2.08388e+06,0
deserialize,3568,0
mult,2.11748e+06,0
deserialize,3225,0
mult,2.12772e+06,0
deserialize,3579,0
mult,2.09649e+06,0
deserialize,3504,0
mult,2.08522e+06,0
deserialize,3620,0
mult,2.1019e+06,0
deserialize,3381,0
mult,2.12142e+06,0
deserialize,3530,0
mult,2.12785e+06,0
deserialize,3335,0
mult,2.05764e+06,0
deserialize,3532,0
mult,2.09353e+06,0
deserialize,3166,0
mult,2.11405e+06,0
deserialize,3537,0
mult,2.13279e+06,0
deserialize,3264,0
mult,2.09642e+06,0
deserialize,3705,0
mult,2.08512e+06,0
deserialize,3425,0
mult,2.09476e+06,0
deserialize,3325,0
mult,2.12163e+06,0
deserialize,3268,0
mult,2.12129e+06,0
deserialize,3912,0
mult,2.05984e+06,0
deserialize,3397,0
mult,2.09124e+06,0
deserialize,3311,0
mult,2.1059e+06,0
deserialize,3677,0
mult,2.13153e+06,0
deserialize,3463,0
mult,2.09387e+06,0
deserialize,3256,0
mult,2.09094e+06,0
deserialize,3744,0
mult,2.09345e+06,0
deserialize,3446,0
mult,2.12856e+06,0
deserialize,3648,0
mult,2.11006e+06,0
deserialize,3227,0
mult,2.06286e+06,0
deserialize,3429,0
mult,2.08664e+06,0
deserialize,3415,0
mult,2.11714e+06,0
deserialize,3506,0
mult,2.13806e+06,0
deserialize,3501,0
mult,2.08774e+06,0
deserialize,3670,0
mult,2.09566e+06,0
deserialize,3524,0
mult,2.08373e+06,0
deserialize,3283,0
mult,2.12945e+06,0
deserialize,3500,0
mult,2.11814e+06,0
deserialize,3457,0
mult,2.06156e+06,0
deserialize,3547,0
mult,2.08863e+06,0
deserialize,3400,0
mult,2.10621e+06,0
deserialize,3457,0
mult,2.12548e+06,0
deserialize,3537,0
mult,2.10152e+06,0
deserialize,3494,0
mult,2.08586e+06,0
deserialize,3679,0
mult,2.09571e+06,0
deserialize,3327,0
mult,2.11584e+06,0
deserialize,3360,0
mult,2.11884e+06,0
deserialize,3685,0
mult,2.0582e+06,0
deserialize,3360,0
mult,2.08951e+06,0
deserialize,3406,0
mult,2.11076e+06,0
deserialize,3615,0
mult,2.13279e+06,0
deserialize,3689,0
mult,2.09209e+06,0
deserialize,3441,0
mult,2.08616e+06,0
deserialize,3506,0
mult,2.0935e+06,0
deserialize,3310,0
mult,2.12168e+06,0
deserialize,3300,0
mult,2.12282e+06,0
deserialize,3380,0
mult,2.05638e+06,0
deserialize,3351,0
mult,2.10233e+06,0
deserialize,3583,0
mult,2.10248e+06,0
deserialize,3462,0
mult,2.13287e+06,0
deserialize,3607,0
mult,2.0921e+06,0
deserialize,3415,0
mult,2.0992e+06,0
deserialize,3432,0
mult,2.0879e+06,0
deserialize,3331,0
mult,2.12649e+06,0
deserialize,3669,0
mult,2.11338e+06,0
deserialize,3664,0
mult,2.06798e+06,0
deserialize,3645,0
mult,2.08121e+06,0
deserialize,3361,0
mult,2.11306e+06,0
deserialize,3651,0
mult,2.13072e+06,0
deserialize,3420,0
mult,2.08582e+06,0
deserialize,3707,0
mult,2.08574e+06,0
deserialize,3804,0
mult,2.08812e+06,0
deserialize,3616,0
mult,2.12278e+06,0
deserialize,3480,0
mult,2.11192e+06,0
deserialize,3315,0
mult,2.05837e+06,0
deserialize,3513,0
mult,2.09369e+06,0
deserialize,3414,0
mult,2.11291e+06,0
deserialize,3257,0
mult,2.12573e+06,0
deserialize,3688,0
mult,2.0919e+06,0
deserialize,3305,0
mult,2.09248e+06,0
deserialize,3408,0
mult,2.09213e+06,0
deserialize,3554,0
mult,2.12534e+06,0
deserialize,3458,0
mult,2.11998e+06,0
deserialize,3474,0
mult,2.05944e+06,0
deserialize,3620,0
mult,2.08898e+06,0
deserialize,3696,0
mult,2.10737e+06,0
deserialize,3421,0
mult,2.13164e+06,0
deserialize,3555,0
mult,2.09502e+06,0
deserialize,3643,0
mult,2.08589e+06,0
deserialize,3365,0
mult,2.0917e+06,0
deserialize,3370,0
mult,2.11735e+06,0
deserialize,3430,0
mult,2.12512e+06,0
deserialize,3242,0
mult,2.05617e+06,0
deserialize,3203,0
mult,2.09126e+06,0
deserialize,3317,0
mult,2.10826e+06,0
deserialize,3604,0
mult,2.13146e+06,0
deserialize,3553,0
mult,2.08642e+06,0
deserialize,3287,0
mult,2.09725e+06,0
deserialize,3431,0
mult,2.08794e+06,0
deserialize,3504,0
mult,2.13164e+06,0
deserialize,3374,0
mult,2.11482e+06,0
deserialize,3401,0
mult,2.06326e+06,0
deserialize,3321,0
mult,2.088e+06,0
deserialize,3234,0
mult,2.11703e+06,0
deserialize,3308,0
mult,2.12891e+06,0
deserialize,3245,0
mult,2.0963e+06,0
deserialize,3468,0
mult,2.08825e+06,0
deserialize,3516,0
mult,2.08861e+06,0
deserialize,3525,0
mult,2.12705e+06,0
deserialize,3366,0
mult,2.11997e+06,0
deserialize,3193,0
mult,2.06435e+06,0
deserialize,3726,0
mult,2.08645e+06,0
deserialize,3406,0
mult,2.10833e+06,0
deserialize,3426,0
mult,2.12825e+06,0
deserialize,3350,0
mult,2.09833e+06,0
deserialize,3351,0
mult,2.08565e+06,0
deserialize,3522,0
mult,2.09511e+06,0
deserialize,3553,0
mult,2.1187e+06,0
deserialize,3275,0
mult,2.11833e+06,0
deserialize,3558,0
mult,2.05704e+06,0
deserialize,3158,0
mult,2.09238e+06,0
deserialize,3450,0
mult,2.1115e+06,0
deserialize,3280,0
mult,2.13645e+06,0
deserialize,3381,0
mult,2.08843e+06,0
deserialize,3210,0
mult,2.08961e+06,0
deserialize,3452,0
mult,2.09545e+06,0
deserialize,3483,0
mult,2.124e+06,0
deserialize,3486,0
mult,2.12306e+06,0
deserialize,3325,0
mult,2.0567e+06,0
deserialize,3272,0
mult,2.09276e+06,0
deserialize,3522,0
mult,2.10334e+06,0
deserialize,3432,0
mult,2.1356e+06,0
deserialize,3536,0
mult,2.09746e+06,0
deserialize,3433,0
mult,2.09476e+06,0
deserialize,3902,0
mult,2.08711e+06,0
deserialize,3299,0
mult,2.12433e+06,0
deserialize,3360,0
mult,2.11304e+06,0
deserialize,3217,0
mult,2.06295e+06,0
deserialize,3691,0
mult,2.08321e+06,0
deserialize,3259,0
mult,2.11396e+06,0
deserialize,3522,0
mult,2.13466e+06,0
deserialize,3233,0
mult,2.09554e+06,0
deserialize,3456,0
mult,2.09189e+06,0
deserialize,3647,0
mult,2.09426e+06,0
deserialize,3402,0
mult,2.12736e+06,0
deserialize,3531,0
mult,2.11751e+06,0
deserialize,3605,0
mult,2.06398e+06,0
deserialize,3607,0
mult,2.08326e+06,0
deserialize,3304,0
mult,2.12101e+06,0
deserialize,3422,0
mult,2.11989e+06,0
deserialize,3354,0
mult,2.10202e+06,0
deserialize,3332,0
mult,2.06633e+06,0
deserialize,4201,0
mult,9.95726e+06,0
deserialize,6268,0
mult,7.33628e+07,0
deserialize,6866,0
mult,6.36786e+07,0
deserialize,6370,0
mult,6.57966e+07,0
deserialize,22888,0
mult,2.5881e+07,0
deserialize,6463,0
mult,4.21612e+06,0
deserialize,4097,0
mult,2.05148e+06,0
deserialize,3767,0
mult,2.05196e+06,0
deserialize,3660,0
mult,2.03075e+06,0
deserialize,3640,0
mult,2.08679e+06,0
deserialize,3808,0
mult,2.03836e+06,0
deserialize,3907,0
mult,2.04036e+06,0
deserialize,3496,0
mult,2.03984e+06,0
deserialize,3817,0
mult,2.08436e+06,0
deserialize,3470,0
mult,2.03624e+06,0
deserialize,3665,0
mult,2.04895e+06,0
deserialize,3745,0
mult,2.03748e+06,0
deserialize,3600,0
mult,2.0776e+06,0
deserialize,3703,0
mult,2.04058e+06,0
deserialize,3588,0
mult,2.04373e+06,0
deserialize,3452,0
mult,2.03713e+06,0
deserialize,3487,0
mult,2.08369e+06,0
deserialize,3479,0
mult,2.0381e+06,0
deserialize,3726,0
mult,2.04521e+06,0
deserialize,3660,0
mult,2.04085e+06,0
deserialize,3696,0
mult,2.08134e+06,0
deserialize,3725,0
mult,2.03684e+06,0
deserialize,3565,0
mult,2.04849e+06,0
deserialize,3470,0
mult,2.03794e+06,0
deserialize,3617,0
mult,2.08321e+06,0
deserialize,3489,0
mult,2.04268e+06,0
deserialize,4132,0
mult,1.9798e+06,0
deserialize,4000,0
mult,1.93409e+06,0
deserialize,4200,0
mult,1.93268e+06,0
deserialize,3710,0
mult,1.93827e+06,0
deserialize,3975,0
mult,1.90229e+06,0
deserialize,4119,0
mult,1.94038e+06,0
deserialize,4623,0
mult,1.93444e+06,0
deserialize,4333,0
mult,1.93669e+06,0
deserialize,4072,0
mult,1.90473e+06,0
deserialize,4267,0
mult,1.93553e+06,0
deserialize,4270,0
mult,1.93802e+06,0
deserialize,4139,0
mult,1.94522e+06,0
gemm,2.67234e+09,0
wait_all,1.90646e+09,0
deserialize,6430,0
mult,2.20169e+06,0
deserialize,4345,0
mult,2.09014e+06,0
deserialize,3350,0
mult,2.13797e+06,0
deserialize,3512,0
mult,2.1212e+06,0
deserialize,3713,0
mult,2.06682e+06,0
deserialize,3418,0
mult,2.08944e+06,0
deserialize,3361,0
mult,2.10729e+06,0
deserialize,3377,0
mult,2.12323e+06,0
deserialize,3283,0
mult,2.09947e+06,0
deserialize,3672,0
mult,2.08806e+06,0
deserialize,3280,0
mult,2.09853e+06,0
deserialize,3724,0
mult,2.12066e+06,0
deserialize,3515,0
mult,2.11919e+06,0
deserialize,3197,0
mult,2.06707e+06,0
deserialize,3427,0
mult,2.08471e+06,0
deserialize,3139,0
mult,2.11749e+06,0
deserialize,3414,0
mult,2.12318e+06,0
deserialize,3629,0
mult,2.09e+06,0
deserialize,3312,0
mult,2.0868e+06,0
deserialize,3580,0
mult,2.09291e+06,0
deserialize,3313,0
mult,2.12756e+06,0
deserialize,3506,0
mult,2.12749e+06,0
deserialize,3717,0
mult,2.05631e+06,0
deserialize,3260,0
mult,2.0979e+06,0
deserialize,3394,0
mult,2.10202e+06,0
deserialize,3689,0
mult,2.13199e+06,0
deserialize,3661,0
mult,2.08882e+06,0
deserialize,3583,0
mult,2.0972e+06,0
deserialize,3505,0
mult,2.08647e+06,0
deserialize,3303,0
mult,2.12831e+06,0
deserialize,3368,0
mult,2.11098e+06,0
deserialize,3345,0
mult,2.06844e+06,0
deserialize,3415,0
mult,2.086e+06,0
deserialize,3294,0
mult,2.10824e+06,0
deserialize,3160,0
mult,2.12643e+06,0
deserialize,3604,0
mult,2.088e+06,0
deserialize,3204,0
mult,2.08827e+06,0
deserialize,3439,0
mult,2.08844e+06,0
deserialize,3312,0
mult,2.12856e+06,0
deserialize,3425,0
mult,2.11818e+06,0
deserialize,3400,0
mult,2.06189e+06,0
deserialize,3563,0
mult,2.09387e+06,0
deserialize,3451,0
mult,2.11234e+06,0
deserialize,3315,0
mult,2.12443e+06,0
deserialize,3344,0
mult,2.09302e+06,0
deserialize,3352,0
mult,2.09185e+06,0
deserialize,3362,0
mult,2.09203e+06,0
deserialize,3331,0
mult,2.12737e+06,0
deserialize,3515,0
mult,2.12242e+06,0
deserialize,3584,0
mult,2.06173e+06,0
deserialize,3191,0
mult,2.09005e+06,0
deserialize,3756,0
mult,2.11419e+06,0
deserialize,3311,0
mult,2.1222e+06,0
deserialize,3469,0
mult,2.09751e+06,0
deserialize,3623,0
mult,2.08543e+06,0
deserialize,3383,0
mult,2.09362e+06,0
deserialize,3471,0
mult,2.12103e+06,0
deserialize,3564,0
mult,2.12648e+06,0
deserialize,3403,0
mult,2.05644e+06,0
deserialize,3263,0
mult,2.09502e+06,0
deserialize,3448,0
mult,2.1076e+06,0
deserialize,3482,0
mult,2.13045e+06,0
deserialize,3411,0
mult,2.08433e+06,0
deserialize,3335,0
mult,2.09913e+06,0
deserialize,3381,0
mult,2.08628e+06,0
deserialize,3274,0
mult,2.13431e+06,0
deserialize,3466,0
mult,2.11491e+06,0
deserialize,3480,0
mult,2.06507e+06,0
deserialize,3336,0
mult,2.08695e+06,0
deserialize,3599,0
mult,2.11823e+06,0
deserialize,3297,0
mult,2.13067e+06,0
deserialize,3553,0
mult,2.09162e+06,0
deserialize,3338,0
mult,2.0928e+06,0
deserialize,3549,0
mult,2.08932e+06,0
deserialize,3183,0
mult,2.13284e+06,0
deserialize,3346,0
mult,2.12158e+06,0
deserialize,3289,0
mult,2.06498e+06,0
deserialize,3631,0
mult,2.08681e+06,0
deserialize,3817,0
mult,2.10994e+06,0
deserialize,3346,0
mult,2.12714e+06,0
deserialize,3304,0
mult,2.09798e+06,0
deserialize,3507,0
mult,2.08844e+06,0
deserialize,3450,0
mult,2.09536e+06,0
deserialize,3370,0
mult,2.1239e+06,0
deserialize,3589,0
mult,2.11817e+06,0
deserialize,3446,0
mult,2.0572e+06,0
deserialize,3538,0
mult,2.0916e+06,0
deserialize,3751,0
mult,2.11403e+06,0
deserialize,3289,0
mult,2.12423e+06,0
deserialize,3696,0
mult,2.09398e+06,0
deserialize,3424,0
mult,2.08532e+06,0
deserialize,3440,0
mult,2.09843e+06,0
deserialize,3203,0
mult,2.13085e+06,0
deserialize,3299,0
mult,2.12545e+06,0
deserialize,3387,0
mult,2.05717e+06,0
deserialize,3452,0
mult,2.09504e+06,0
deserialize,3720,0
mult,2.10282e+06,0
deserialize,3279,0
mult,2.13452e+06,0
deserialize,3567,0
mult,2.0947e+06,0
deserialize,3658,0
mult,2.09506e+06,0
deserialize,3673,0
mult,2.08468e+06,0
deserialize,3281,0
mult,2.12624e+06,0
deserialize,3388,0
mult,2.11191e+06,0
deserialize,3360,0
mult,2.06361e+06,0
deserialize,3443,0
mult,2.087e+06,0
deserialize,3467,0
mult,2.1259e+06,0
deserialize,3276,0
mult,2.12449e+06,0
deserialize,3497,0
mult,2.08569e+06,0
deserialize,3426,0
mult,2.09533e+06,0
deserialize,3770,0
mult,2.09147e+06,0
deserialize,3277,0
mult,2.13476e+06,0
deserialize,3820,0
mult,2.11503e+06,0
deserialize,3451,0
mult,2.06473e+06,0
deserialize,3577,0
mult,2.0853e+06,0
deserialize,3767,0
mult,2.11024e+06,0
deserialize,3442,0
mult,2.12742e+06,0
deserialize,3318,0
mult,2.09981e+06,0
deserialize,3720,0
mult,2.08988e+06,0
deserialize,3403,0
mult,2.0921e+06,0
deserialize,3333,0
mult,2.12141e+06,0
deserialize,3368,0
mult,2.12321e+06,0
deserialize,3796,0
mult,2.05805e+06,0
deserialize,3556,0
mult,2.09483e+06,0
deserialize,3429,0
mult,2.10689e+06,0
deserialize,3721,0
mult,2.12637e+06,0
deserialize,3767,0
mult,2.09255e+06,0
deserialize,3505,0
mult,2.09022e+06,0
deserialize,3525,0
mult,2.08954e+06,0
deserialize,3473,0
mult,2.12599e+06,0
deserialize,3434,0
mult,2.11876e+06,0
deserialize,3611,0
mult,2.06316e+06,0
deserialize,3264,0
mult,2.08897e+06,0
deserialize,3608,0
mult,2.1064e+06,0
deserialize,3447,0
mult,2.12739e+06,0
deserialize,3461,0
mult,2.08805e+06,0
deserialize,3364,0
mult,2.09018e+06,0
deserialize,3567,0
mult,2.09196e+06,0
deserialize,3455,0
mult,2.13061e+06,0
deserialize,3457,0
mult,2.11224e+06,0
deserialize,3788,0
mult,2.06102e+06,0
deserialize,3483,0
mult,2.09648e+06,0
deserialize,3613,0
mult,2.11206e+06,0
deserialize,3332,0
mult,2.12888e+06,0
deserialize,3640,0
mult,2.09413e+06,0
deserialize,3945,0
mult,2.0883e+06,0
deserialize,3544,0
mult,2.08288e+06,0
deserialize,3468,0
mult,2.13355e+06,0
deserialize,3791,0
mult,2.11514e+06,0
deserialize,3497,0
mult,2.06799e+06,0
deserialize,3550,0
mult,2.08208e+06,0
deserialize,3543,0
mult,2.11035e+06,0
deserialize,3324,0
mult,2.12013e+06,0
deserialize,3535,0
mult,2.09826e+06,0
deserialize,3382,0
mult,2.08275e+06,0
deserialize,3277,0
mult,2.09951e+06,0
deserialize,3268,0
mult,2.12392e+06,0
deserialize,3553,0
mult,2.11783e+06,0
deserialize,3513,0
mult,2.05138e+06,0
deserialize,3218,0
mult,2.10121e+06,0
deserialize,3447,0
mult,2.10532e+06,0
deserialize,3287,0
mult,2.13283e+06,0
deserialize,3672,0
mult,2.08765e+06,0
deserialize,3447,0
mult,2.09018e+06,0
deserialize,3432,0
mult,2.09066e+06,0
deserialize,3598,0
mult,2.12956e+06,0
deserialize,3319,0
mult,2.12256e+06,0
deserialize,3538,0
mult,2.06299e+06,0
deserialize,3326,0
mult,2.08849e+06,0
deserialize,3670,0
mult,2.10506e+06,0
deserialize,3278,0
mult,2.13065e+06,0
deserialize,3448,0
mult,2.09165e+06,0
deserialize,3314,0
mult,2.08797e+06,0
deserialize,3314,0
mult,2.08829e+06,0
deserialize,3543,0
mult,2.1271e+06,0
deserialize,3215,0
mult,2.11362e+06,0
deserialize,3530,0
mult,2.06122e+06,0
deserialize,3360,0
mult,2.09028e+06,0
deserialize,3451,0
mult,2.11243e+06,0
deserialize,3280,0
mult,2.12197e+06,0
deserialize,3352,0
mult,2.0924e+06,0
deserialize,3327,0
mult,2.08595e+06,0
deserialize,3400,0
mult,2.09927e+06,0
deserialize,3448,0
mult,2.13482e+06,0
deserialize,3529,0
mult,2.11638e+06,0
deserialize,3376,0
mult,2.06565e+06,0
deserialize,3423,0
mult,2.0843e+06,0
deserialize,3253,0
mult,2.11397e+06,0
deserialize,3351,0
mult,2.12744e+06,0
deserialize,3449,0
mult,2.09629e+06,0
deserialize,3680,0
mult,2.08958e+06,0
deserialize,3385,0
mult,2.08899e+06,0
deserialize,3614,0
mult,2.12311e+06,0
deserialize,3326,0
mult,2.12353e+06,0
deserialize,3336,0
mult,2.059e+06,0
deserialize,3281,0
mult,2.09968e+06,0
deserialize,3445,0
mult,2.10451e+06,0
deserialize,3477,0
mult,2.12415e+06,0
deserialize,3359,0
mult,2.08763e+06,0
deserialize,3417,0
mult,2.09138e+06,0
deserialize,3637,0
mult,2.08874e+06,0
deserialize,3262,0
mult,2.13131e+06,0
deserialize,3592,0
mult,2.12852e+06,0
deserialize,3418,0
mult,2.05957e+06,0
deserialize,3451,0
mult,2.09266e+06,0
deserialize,3421,0
mult,2.10565e+06,0
deserialize,3405,0
mult,2.1301e+06,0
deserialize,3487,0
mult,2.09335e+06,0
deserialize,3636,0
mult,2.09659e+06,0
deserialize,3441,0
mult,2.09275e+06,0
deserialize,3837,0
mult,2.13931e+06,0
deserialize,3381,0
mult,2.10855e+06,0
deserialize,3412,0
mult,2.06462e+06,0
deserialize,3561,0
mult,2.06746e+06,0
deserialize,4063,0
mult,9.98335e+06,0
deserialize,5921,0
mult,7.32306e+07,0
deserialize,6484,0
mult,6.3749e+07,0
deserialize,5939,0
mult,6.59337e+07,0
deserialize,21563,0
mult,2.57906e+07,0
deserialize,6678,0
mult,4.20937e+06,0
deserialize,4144,0
mult,2.05966e+06,0
deserialize,3718,0
mult,2.05578e+06,0
deserialize,3664,0
mult,2.04561e+06,0
deserialize,3741,0
mult,2.05462e+06,0
deserialize,3781,0
mult,2.0425e+06,0
deserialize,3599,0
mult,2.05204e+06,0
deserialize,3724,0
mult,2.0447e+06,0
deserialize,3783,0
mult,2.05176e+06,0
deserialize,3790,0
mult,2.04228e+06,0
deserialize,3696,0
mult,2.04848e+06,0
deserialize,3620,0
mult,2.04144e+06,0
deserialize,3800,0
mult,2.05124e+06,0
deserialize,3677,0
mult,2.04297e+06,0
deserialize,3609,0
mult,2.05681e+06,0
deserialize,3543,0
mult,2.03938e+06,0
deserialize,3416,0
mult,2.05228e+06,0
deserialize,3555,0
mult,2.04616e+06,0
deserialize,3594,0
mult,2.05273e+06,0
deserialize,3629,0
mult,2.04662e+06,0
deserialize,3723,0
mult,2.05373e+06,0
deserialize,3675,0
mult,2.04153e+06,0
deserialize,3697,0
mult,2.05259e+06,0
deserialize,3641,0
mult,2.04379e+06,0
deserialize,3800,0
mult,2.05246e+06,0
deserialize,3489,0
mult,2.05016e+06,0
deserialize,3517,0
mult,2.00945e+06,0
deserialize,3320,0
mult,1.93703e+06,0
deserialize,3319,0
mult,1.90599e+06,0
deserialize,3517,0
mult,1.91599e+06,0
deserialize,3278,0
mult,1.84254e+06,0
deserialize,3387,0
mult,1.91201e+06,0
deserialize,3422,0
mult,1.84221e+06,0
deserialize,3396,0
mult,1.88238e+06,0
deserialize,3329,0
mult,1.8428e+06,0
deserialize,3474,0
mult,1.89881e+06,0
deserialize,3243,0
mult,1.84408e+06,0
deserialize,3201,0
mult,1.90411e+06,0
